22	77	37	63	89	54
64	125	81	36	47	73
22	10	41	46	72	114
78	18	82	95	48	56
60	74	89	40	79	26
103	10	53	54	66	33
70	56	113	39	38	27
55	117	76	123	100	32
109	47	61	59	56	52
116	117	117	73	95	24
32	95	46	53	22	16
84	88	54	26	120	57
104	26	39	54	50	30
80	69	68	92	15	97
34	36	52	49	17	106
93	13	80	117	21	124
46	106	66	96	25	102
14	40	10	65	110	73
56	123	14	79	61	119
19	59	96	91	95	123
18	81	67	65	38	12
38	77	67	103	35	66
114	105	83	100	48	59
10	16	68	32	58	85
95	122	124	42	74	63
104	16	114	23	22	55
106	51	46	45	28	12
123	66	85	110	17	103
39	76	94	40	117	94
104	42	51	35	104	104
41	43	61	29	63	87
47	92	32	16	54	13
60	68	28	36	58	54
22	29	67	108	46	76
21	105	49	100	101	49
17	45	44	25	30	49
61	32	85	125	52	48
104	11	111	72	48	28
113	120	62	13	93	102
56	115	59	60	74	18
125	123	95	38	62	95
57	100	84	102	103	111
85	94	94	51	118	57
22	58	35	83	74	95
76	68	69	11	99	35
114	83	112	78	11	122
52	58	48	74	99	11
90	19	18	29	31	27
93	94	100	115	38	83
30	108	24	71	66	104
95	70	119	101	55	100
52	105	104	60	109	97
16	20	11	113	30	32
122	13	19	59	43	81
84	19	119	47	107	43
10	81	73	65	112	119
120	123	119	76	59	95
73	108	95	24	95	78
30	39	100	103	12	97
85	37	118	83	21	59
92	37	61	23	117	54
19	32	27	95	99	44
16	34	68	57	43	61
102	58	102	39	48	110
108	79	42	52	69	79
63	98	32	64	53	26
39	122	78	120	92	17
92	15	81	125	33	121
125	93	95	88	17	107
35	69	52	64	26	37
108	90	98	83	23	95
66	18	68	75	108	10
117	28	22	18	16	26
122	74	61	110	115	77
88	95	19	36	82	116
30	39	49	98	62	40
38	34	96	72	93	110
92	106	92	22	62	53
109	12	88	25	118	85
31	114	92	58	49	123
84	60	59	48	103	114
86	19	93	82	23	118
97	115	67	60	111	14
73	37	125	32	100	52
124	107	85	42	33	122
91	96	125	78	16	91
51	46	99	64	25	122
80	40	29	28	50	23
101	41	97	20	105	32
60	46	31	107	90	107
31	25	63	67	44	61
36	34	91	50	18	78
30	96	80	110	87	39
100	73	24	118	53	50
106	27	78	85	95	69
59	53	68	100	106	107
61	114	22	12	79	12
83	10	67	58	77	99
116	105	72	52	122	40
61	59	106	36	38	94
10	124	19	122	23	52
108	60	45	89	37	98
66	36	110	24	22	52
98	75	52	27	80	30
79	23	64	115	89	111
108	14	70	60	118	77
76	57	44	39	62	44
86	33	42	81	23	14
13	92	91	50	44	105
64	87	18	68	109	124
36	80	19	82	118	89
28	125	12	41	65	64
68	84	94	118	75	92
30	62	52	96	100	58
60	77	107	121	45	69
44	95	22	18	61	67
104	95	25	21	57	33
108	48	76	101	104	123
11	115	85	12	92	37
120	114	36	119	20	45
35	51	49	59	79	43
92	23	38	59	54	94
43	61	99	42	41	63
38	11	33	16	28	79
80	66	37	58	90	22
22	57	39	45	81	50
107	28	20	12	115	30
117	19	118	75	106	117
45	16	74	59	83	109
22	94	105	88	124	21
67	52	50	69	105	97
81	28	119	116	117	48
102	20	120	76	110	21
19	68	116	57	116	56
113	36	86	19	32	80
12	22	67	85	33	17
65	111	123	86	21	97
78	48	15	54	43	83
67	14	34	125	120	53
68	83	102	76	65	54
59	103	119	96	29	63
112	115	13	125	84	115
101	116	29	125	85	47
117	121	37	33	57	95
120	13	121	101	31	97
13	13	53	66	80	34
41	26	90	100	13	33
69	109	92	58	23	89
110	61	42	21	119	104
40	38	53	115	102	77
67	85	43	109	39	99
45	95	28	10	37	25
111	118	97	99	113	42
118	18	40	33	14	34
105	105	25	17	36	31
75	73	75	89	107	114
45	53	10	96	125	103
12	47	104	21	108	82
83	110	124	29	73	61
53	41	93	63	96	68
29	30	87	65	19	39
68	19	98	23	87	27
25	81	108	114	27	20
92	93	73	94	24	44
47	58	66	64	58	99
20	21	104	31	58	50
117	20	89	33	18	76
70	31	72	82	107	76
30	91	118	74	29	66
42	117	12	124	72	110
116	102	63	95	23	79
48	46	56	37	105	107
26	63	58	40	20	93
82	61	54	109	98	18
102	45	42	45	64	117
124	26	123	118	100	14
66	119	10	38	46	40
40	44	74	14	111	29
32	68	58	32	107	37
68	77	57	100	47	27
15	47	73	81	54	99
23	41	103	55	70	54
17	51	107	52	116	16
116	84	15	27	25	123
61	26	76	12	70	106
52	15	86	100	85	54
15	42	89	102	16	91
117	110	35	114	64	87
90	95	40	90	41	90
60	118	54	82	85	53
57	64	86	60	57	111
28	81	64	112	74	66
92	103	86	38	49	71
107	84	42	106	59	121
41	73	12	60	104	25
66	25	34	12	66	83
72	40	75	24	29	41
17	77	115	67	72	124
31	105	44	20	40	91
12	17	69	30	50	86
115	42	16	93	69	104
12	82	94	58	90	96
124	42	39	91	21	24
31	20	116	65	61	108
16	53	29	52	69	23
76	103	104	35	104	26
50	72	81	84	82	93
117	55	14	67	113	12
49	86	21	51	15	81
66	114	123	75	57	123
123	91	61	29	50	89
99	77	45	31	35	57
52	48	106	90	59	83
115	51	55	110	80	43
34	56	71	97	88	53
86	56	15	21	101	77
119	70	10	25	56	11
55	36	57	49	93	89
38	57	61	113	62	76
71	67	27	66	80	85
36	23	117	17	79	81
100	79	21	18	22	108
72	13	14	124	83	79
13	30	120	122	68	94
118	105	29	120	110	99
26	91	21	83	32	51
84	37	89	59	79	93
26	108	13	11	98	39
22	50	56	88	80	86
46	124	94	107	120	91
68	91	106	74	43	17
26	55	91	119	105	56
21	30	20	97	86	56
62	60	123	35	82	116
125	103	85	112	22	120
37	104	109	96	97	110
112	115	71	12	24	90
125	53	119	81	44	16
18	114	30	94	98	16
32	22	57	64	124	125
14	76	64	108	47	81
86	28	22	54	41	28
118	16	121	64	46	84
18	41	58	107	122	30
97	40	109	55	22	34
15	116	110	97	52	61
80	60	17	37	97	29
84	55	105	49	52	76
73	32	113	97	82	70
35	65	114	125	14	26
103	16	41	116	110	108
109	111	43	25	79	15
124	49	36	75	112	50
12	22	30	66	88	24
47	49	67	92	109	37
108	82	105	15	91	66
116	69	40	28	44	29
119	62	112	30	23	121
115	78	58	107	38	53
50	90	75	51	29	114
10	43	45	23	119	116
21	68	53	27	90	34
88	61	73	13	38	105
119	91	63	115	97	50
17	41	37	96	15	60
116	39	107	85	51	100
117	98	89	58	48	30
56	97	11	43	101	31
58	66	31	56	69	40
71	79	92	49	34	39
80	72	100	99	22	102
25	53	55	115	105	52
49	116	89	14	111	73
40	124	36	25	12	93
52	55	87	106	70	38
124	115	61	68	67	86
113	111	104	61	80	61
67	66	21	111	96	66
101	72	39	98	87	112
96	44	118	25	54	101
125	11	13	118	50	110
23	44	118	101	46	26
43	114	66	124	28	68
15	73	65	105	71	88
97	41	57	24	63	89
31	31	115	96	22	109
31	101	111	80	53	119
83	81	40	19	105	89
14	12	17	50	89	26
99	72	71	66	30	28
60	31	31	91	43	66
61	55	81	96	28	114
103	22	22	46	118	116
69	102	109	107	22	65
12	56	83	107	107	73
84	76	67	44	102	37
54	49	110	47	118	43
59	14	78	79	20	16
97	83	119	41	58	46
62	111	67	53	100	47
118	70	26	124	101	79
19	116	119	100	105	100
65	83	102	58	75	111
111	70	121	93	90	68
72	123	74	17	44	102
17	89	54	60	17	72
62	70	105	85	41	52
36	122	82	110	31	18
79	64	107	24	112	34
38	71	74	55	75	36
72	35	53	54	15	109
106	20	15	104	39	14
121	72	33	103	92	102
32	31	67	118	92	14
108	60	123	61	43	31
80	90	64	13	122	86
93	37	90	44	95	64
100	82	102	45	61	108
12	45	97	62	82	112
93	57	53	36	83	17
22	119	15	52	107	111
115	98	41	84	111	81
26	121	16	43	38	63
47	74	68	77	48	47
81	98	69	82	83	23
13	16	65	73	47	96
79	113	124	77	73	69
75	115	96	61	89	69
109	96	37	64	60	103
83	71	27	121	52	121
77	20	100	34	17	44
32	117	10	71	65	125
29	29	92	83	100	19
36	104	105	20	57	106
56	68	71	13	115	124
83	71	26	18	103	112
114	13	23	96	52	44
40	16	33	64	43	16
10	104	22	124	55	21
67	71	62	124	71	14
54	69	123	27	120	30
75	26	74	11	32	38
58	64	13	12	42	73
80	107	27	84	51	117
86	114	75	32	52	110
62	49	121	24	84	108
49	80	72	115	33	40
108	69	64	78	52	110
93	23	52	71	34	123
85	55	119	104	108	32
107	31	100	45	31	13
82	76	114	20	34	111
99	21	76	117	71	115
119	79	121	86	101	103
18	36	108	125	50	83
95	55	79	20	109	17
63	95	16	107	85	67
56	10	28	68	109	39
71	61	106	93	122	58
20	84	24	119	66	25
91	22	26	21	59	101
44	53	22	75	107	61
35	23	31	111	65	60
67	70	62	19	10	116
12	60	105	93	56	75
36	38	13	19	77	78
121	85	71	33	95	33
51	67	48	26	88	81
88	23	106	90	15	68
103	106	80	123	70	34
16	56	45	36	48	91
69	23	48	42	82	12
56	73	73	57	39	58
103	77	58	56	49	116
92	79	112	103	17	107
60	56	12	99	112	93
115	75	115	103	52	34
98	12	53	72	123	100
59	124	123	88	97	30
88	109	71	80	109	113
28	26	120	80	77	56
125	122	33	48	53	81
96	101	111	17	65	54
31	89	98	86	11	118
45	26	23	73	46	26
102	51	69	100	110	52
89	120	109	113	77	77
65	120	21	109	56	20
118	14	15	88	59	113
39	46	113	122	54	14
80	49	119	65	92	115
71	45	101	51	88	72
109	76	78	110	120	27
31	124	122	102	92	24
72	86	67	52	89	90
70	57	122	78	105	86
74	121	102	109	65	24
52	76	13	109	37	84
40	112	13	72	81	67
50	89	23	17	91	88
121	114	57	17	69	55
109	102	10	52	84	104
108	106	95	88	17	56
34	117	90	59	81	69
98	33	43	28	125	85
23	110	41	25	112	118
108	26	23	104	64	111
17	93	112	107	99	26
64	13	45	12	22	58
22	26	51	118	30	47
52	92	82	87	41	25
34	104	56	51	45	26
80	107	87	49	53	86
60	57	50	108	112	30
52	20	56	108	37	50
73	11	42	20	111	118
87	59	122	95	64	54
87	70	22	26	13	53
101	75	89	21	122	29
36	83	94	62	49	31
14	111	124	87	71	60
47	108	52	60	116	122
82	124	22	33	76	116
85	92	13	98	35	81
18	125	66	95	42	120
21	68	102	24	105	43
27	94	84	97	41	98
11	38	60	118	63	41
39	54	68	115	89	109
84	92	84	49	113	116
25	12	19	42	77	117
96	75	39	73	84	42
19	100	82	44	93	48
57	46	67	19	33	75
34	75	104	78	108	112
116	42	15	106	55	97
117	102	33	17	99	89
108	75	54	29	40	41
67	69	58	50	91	36
54	85	119	103	81	79
121	35	106	30	113	96
43	64	19	30	70	34
113	122	15	103	103	32
30	60	54	97	98	112
66	34	102	72	116	87
50	64	119	17	23	49
97	47	33	65	113	92
57	18	114	48	29	100
22	10	110	37	80	123
30	82	52	94	55	75
20	80	75	111	123	78
111	76	87	18	119	92
41	29	57	26	124	100
83	75	33	68	89	61
114	77	86	85	78	16
104	107	106	25	17	56
43	99	101	57	76	27
49	34	71	68	42	61
60	124	102	21	11	19
111	117	93	124	83	80
123	119	103	112	31	63
109	42	69	42	52	51
88	12	87	35	100	43
116	21	12	109	67	33
25	94	80	79	62	52
79	103	116	98	27	89
81	20	38	76	94	102
52	21	54	119	85	115
98	27	81	44	21	50
88	51	33	125	123	51
67	106	14	45	13	88
33	28	54	22	41	40
80	57	83	15	77	110
77	106	90	108	61	38
119	38	116	19	97	71
19	62	90	119	91	109
100	19	119	71	27	28
60	69	41	65	34	81
67	93	116	62	118	95
75	57	70	103	79	84
105	93	69	101	58	28
92	92	120	117	105	36
15	120	82	81	111	66
124	13	88	41	51	11
97	29	80	101	76	67
18	25	114	74	65	56
46	89	29	60	57	66
93	16	63	93	17	12
69	24	108	17	87	37
20	55	92	100	113	115
107	123	86	53	21	99
101	48	92	37	43	108
106	48	35	122	123	26
76	34	10	73	73	85
44	62	45	38	29	69
121	16	25	107	52	13
53	87	66	44	87	105
77	17	16	82	90	46
46	77	72	90	41	50
30	28	90	57	76	67
113	123	121	81	17	38
18	49	59	108	10	87
104	51	73	62	32	109
81	113	37	77	44	18
11	82	54	53	40	108
119	34	56	107	119	114
102	41	42	50	51	52
25	10	41	79	110	55
60	33	89	118	109	31
60	15	74	124	72	14
95	17	19	93	20	104
78	22	82	116	76	115
99	98	28	101	61	102
33	62	60	18	123	83
60	48	124	38	68	77
65	107	60	40	60	106
14	98	38	75	15	123
34	41	118	105	105	111
108	49	120	31	87	93
15	54	87	28	105	78
43	63	70	82	54	16
39	15	61	83	110	114
91	125	52	33	31	72
97	68	59	74	16	13
98	57	25	58	78	27
48	17	64	117	71	44
125	117	29	110	84	70
95	104	70	68	37	58
36	113	71	87	72	20
104	20	111	84	80	75
20	54	17	83	50	83
90	30	17	13	11	32
76	18	36	83	18	16
39	77	36	42	51	111
93	30	79	34	24	30
14	40	63	57	93	23
81	27	105	44	56	47
119	20	82	17	42	86
52	59	70	115	112	38
99	116	25	78	25	37
83	21	92	70	54	50
75	22	52	65	16	59
64	19	33	27	89	78
119	46	119	44	92	17
69	26	16	16	21	81
32	35	20	62	68	39
38	76	68	58	68	80
85	89	81	112	60	104
73	124	84	71	84	84
59	73	95	62	51	119
118	123	73	116	54	76
102	29	124	76	61	12
23	108	85	71	124	94
18	22	115	104	100	38
58	37	60	124	93	122
125	68	120	47	86	69
113	29	58	30	31	19
23	108	55	12	74	65
49	83	81	75	71	94
119	67	35	12	117	91
27	12	11	47	16	86
39	102	51	32	87	90
109	73	118	106	115	92
21	124	113	12	70	68
42	60	53	66	59	64
96	104	78	22	57	28
19	49	107	83	91	64
30	117	95	12	71	104
38	72	38	34	71	119
19	87	120	115	44	12
30	118	79	17	92	83
39	69	24	28	73	56
110	70	21	68	107	31
87	99	46	21	59	37
113	89	64	51	123	61
74	17	120	35	125	50
84	40	35	105	20	97
50	120	101	125	103	18
62	13	62	66	62	75
36	51	36	16	35	112
14	11	111	12	57	115
16	119	45	49	44	16
23	27	46	39	86	57
78	83	59	41	18	16
22	123	87	13	83	114
19	42	107	16	118	11
57	67	61	38	77	32
48	90	71	39	117	54
55	23	108	20	91	82
43	46	123	99	16	88
63	20	79	125	113	10
112	100	30	69	110	23
28	106	87	111	96	44
45	105	48	38	93	115
110	71	22	77	104	29
35	120	40	81	10	91
62	54	62	24	51	11
33	46	120	44	29	69
87	63	16	89	81	96
113	106	42	98	21	116
63	123	122	23	16	24
24	75	28	19	124	61
112	43	74	125	59	30
77	45	61	15	112	20
77	124	66	76	20	49
70	75	28	12	12	95
34	10	121	107	13	114
40	98	20	115	10	88
21	63	24	47	54	31
113	72	75	14	23	104
23	12	49	29	12	43
78	43	38	111	17	54
54	57	49	76	94	113
120	99	13	13	13	98
76	49	12	60	117	29
40	52	29	78	51	50
30	103	118	96	121	21
120	110	122	63	54	57
22	93	61	49	112	47
101	96	48	60	27	20
60	76	90	120	33	28
124	11	50	59	12	11
108	58	82	61	26	101
125	55	36	53	85	92
52	107	116	58	103	33
35	66	123	61	58	87
74	115	77	110	99	51
52	104	41	64	52	14
99	34	115	16	109	111
17	69	22	116	28	116
72	122	71	51	42	37
52	23	45	113	82	21
25	61	58	123	114	80
121	16	91	28	118	43
122	123	103	16	108	44
53	48	116	114	21	57
85	23	53	45	99	65
63	106	84	37	54	39
114	66	18	54	46	59
74	54	56	29	97	96
84	82	82	97	112	76
37	96	62	40	49	123
31	31	100	65	30	19
118	124	80	10	111	60
10	108	118	98	13	106
104	38	110	112	70	33
109	38	27	42	102	57
96	27	65	52	32	109
47	35	62	46	82	76
22	18	111	78	25	72
45	58	31	87	105	43
35	61	123	41	70	75
41	96	105	54	24	35
95	66	23	105	10	26
36	56	101	118	26	82
18	28	90	69	25	13
101	60	99	27	79	118
31	45	53	109	99	13
114	107	99	58	23	59
113	24	38	92	29	91
15	44	35	67	85	19
19	91	57	115	113	41
113	50	60	112	19	99
63	72	108	72	48	65
88	32	16	99	112	72
86	116	121	123	110	10
51	94	50	71	63	117
106	103	49	11	86	68
56	122	44	90	102	91
90	78	92	66	117	125
32	121	35	109	121	70
108	120	99	65	55	41
48	121	34	82	55	65
111	26	61	86	33	47
123	96	21	67	35	73
38	19	11	84	73	56
65	54	23	118	49	53
104	14	122	11	57	115
98	43	53	121	76	14
46	60	20	80	114	78
67	12	58	48	73	49
112	51	17	45	40	63
54	61	45	23	84	123
107	84	17	97	51	123
20	12	72	70	107	89
69	21	116	39	85	120
107	55	69	103	67	19
20	125	27	23	94	51
27	81	68	59	36	56
51	52	14	45	60	53
123	79	118	67	120	103
20	85	122	89	68	75
31	123	118	45	19	94
64	124	102	19	92	107
20	111	76	105	95	83
82	99	10	27	124	33
83	72	89	88	83	31
63	31	29	25	100	67
98	11	92	55	117	23
105	81	79	112	36	24
55	35	47	84	17	88
60	81	62	118	68	19
91	109	97	34	37	87
92	30	59	81	42	68
36	68	108	103	104	64
39	66	60	59	109	93
93	101	63	76	79	13
22	47	86	115	41	54
110	64	119	55	93	110
77	22	54	57	24	15
112	48	49	83	99	84
124	10	14	29	20	120
116	89	67	42	28	88
112	65	23	14	106	48
111	77	73	56	117	36
38	105	62	56	53	75
93	111	14	97	112	15
91	49	117	31	59	42
60	48	115	10	36	114
108	95	112	53	23	20
120	123	37	57	105	60
85	116	42	36	111	65
24	94	115	104	100	102
52	124	14	72	114	79
93	31	73	37	45	67
66	20	56	66	23	81
64	82	76	29	17	116
11	62	115	85	20	12
123	77	92	90	68	104
63	95	54	95	108	105
53	60	105	45	109	36
35	29	97	31	85	121
58	72	58	96	120	31
66	22	16	27	112	66
25	53	84	27	23	107
28	24	74	110	98	93
74	76	35	62	75	39
18	72	58	124	94	49
58	110	69	24	43	104
89	44	97	50	43	16
87	86	15	51	52	104
29	17	18	29	78	103
24	124	111	100	86	40
84	59	107	96	104	33
82	124	119	92	68	29
88	75	124	102	92	53
57	108	25	110	84	102
87	18	121	30	29	102
38	65	111	85	35	70
91	22	63	30	88	34
96	104	41	91	81	111
18	105	102	47	106	50
56	48	36	105	104	66
98	46	110	125	36	69
21	56	25	90	36	90
27	15	115	103	69	124
123	77	67	60	46	56
104	21	74	96	104	104
40	26	125	93	54	69
11	46	47	124	85	76
72	98	62	35	12	31
111	31	40	28	86	101
32	100	62	63	123	72
24	75	53	74	41	91
48	73	25	29	86	72
57	48	116	62	115	104
93	119	23	56	61	83
39	18	10	85	102	121
119	118	80	17	52	124
79	62	14	119	125	87
99	59	87	17	93	85
78	31	57	124	104	49
33	63	46	118	32	14
95	52	83	85	120	49
51	105	87	11	76	56
112	10	110	68	53	51
101	112	19	38	121	125
107	95	40	26	113	13
35	23	117	30	110	95
29	105	65	54	95	34
31	114	67	103	14	93
32	20	63	110	54	88
107	102	92	87	66	51
89	22	36	88	56	122
62	44	82	18	18	118
121	72	58	118	55	63
48	17	48	32	51	85
124	93	38	98	65	14
45	54	64	125	124	33
58	60	55	92	18	54
111	77	37	120	113	100
22	24	47	95	71	107
118	55	70	108	34	41
84	114	36	58	50	85
23	81	56	14	48	64
53	20	14	36	12	34
106	111	95	118	81	121
38	111	99	10	64	67
110	125	69	41	101	96
74	98	61	98	121	26
82	117	16	100	125	111
106	66	81	54	48	52
79	67	90	78	23	70
72	51	58	54	63	80
98	32	53	32	95	63
30	52	50	42	93	18
29	52	23	10	55	76
73	44	59	111	115	57
57	83	43	32	13	125
33	113	94	125	47	75
25	46	116	111	104	123
28	100	29	114	59	23
68	79	62	43	79	79
36	114	93	54	43	17
108	57	125	89	87	102
85	32	46	44	67	58
77	92	114	75	82	121
13	47	20	91	106	43
68	88	34	59	74	60
50	118	16	111	29	63
52	67	38	36	36	104
112	73	87	59	46	15
51	43	65	103	10	32
119	103	26	91	89	43
115	21	62	36	107	17
80	34	123	18	18	79
44	23	118	11	72	25
14	95	49	78	85	51
96	103	38	109	28	11
72	66	111	123	55	51
74	32	97	42	92	93
49	93	78	14	63	71
67	44	114	89	95	81
29	115	17	108	117	64
20	124	65	64	114	106
103	26	63	45	93	93
56	91	18	24	13	17
13	96	45	34	47	101
67	112	95	40	12	106
92	83	90	96	18	28
117	94	35	49	53	62
49	63	62	78	54	120
83	48	109	75	67	75
123	11	95	116	78	113
74	119	12	90	87	122
52	24	30	77	67	119
97	110	18	10	43	50
67	56	124	96	85	60
114	109	123	48	82	111
67	15	58	39	22	107
11	37	81	41	13	57
112	15	105	93	51	33
25	48	36	98	26	99
65	38	63	113	35	124
55	120	21	124	79	116
53	36	118	13	86	123
41	113	123	15	118	122
71	44	84	19	27	60
54	22	81	28	50	115
105	60	19	50	19	38
13	53	96	31	116	118
78	113	42	121	37	47
110	113	99	118	21	17
68	65	40	120	85	79
120	73	79	123	92	112
83	57	50	96	14	86
103	112	44	14	101	108
80	25	60	110	70	111
26	22	84	109	94	45
56	113	105	49	91	67
32	36	73	70	113	29
106	79	91	40	14	43
121	21	115	17	125	33
91	119	42	49	43	90
81	87	83	86	94	12
54	15	88	11	118	57
114	71	65	118	68	39
61	52	69	62	84	72
11	20	67	67	25	86
15	43	14	74	50	37
54	94	21	14	109	95
86	96	117	109	14	90
32	92	38	40	113	124
59	75	107	22	120	38
60	102	58	94	35	20
43	34	49	104	38	111
66	28	49	21	97	59
104	23	49	112	45	38
123	54	75	29	33	123
79	120	80	100	90	73
123	18	28	66	14	85
89	18	28	53	51	88
113	71	101	37	66	24
118	64	28	81	30	23
23	54	56	115	100	44
86	14	84	71	106	63
89	56	110	110	36	98
105	123	76	38	65	10
79	120	109	114	30	120
123	54	73	24	42	121
116	111	50	72	59	115
65	13	69	29	53	61
46	111	98	25	91	93
27	54	68	81	78	75
29	51	18	77	86	97
26	37	37	48	60	22
28	46	63	118	72	16
25	66	49	109	28	39
120	65	81	24	29	122
115	50	107	62	114	106
25	121	78	60	91	50
84	111	102	107	91	78
43	20	110	52	123	72
114	96	120	120	52	81
78	90	27	41	106	117
90	81	11	58	39	30
122	24	61	46	41	19
66	121	27	83	101	61
68	11	35	73	124	121
103	25	39	13	48	47
96	102	26	109	110	71
79	70	85	119	14	108
97	37	112	58	104	55
52	30	100	12	111	80
111	124	91	87	104	37
108	76	78	48	104	31
109	52	110	14	108	108
11	69	108	61	83	39
97	64	60	15	58	11
42	92	42	121	71	124
117	38	56	120	67	44
73	52	95	32	68	117
43	18	104	118	81	116
23	113	82	76	12	36
94	65	118	113	106	118
122	52	103	25	49	42
20	19	75	17	59	117
23	110	62	32	14	83
47	26	26	80	100	43
97	57	117	125	60	51
23	77	19	81	13	44
58	87	29	100	73	82
89	101	86	100	26	19
47	86	121	55	43	30
57	82	79	66	90	51
31	91	94	37	67	104
24	37	53	26	83	78
14	52	98	38	121	117
117	55	39	34	91	53
31	38	53	122	63	96
30	76	107	90	12	35
109	60	25	78	66	118
120	112	99	70	16	123
63	31	121	40	49	65
53	29	52	39	25	100
112	12	102	29	63	122
91	12	100	47	37	118
105	122	34	51	59	97
18	84	29	53	119	51
78	69	33	34	120	41
42	64	27	81	41	77
106	90	102	12	36	106
49	43	30	17	117	68
34	104	65	73	92	121
52	120	48	19	119	31
36	93	108	115	48	16
99	68	26	67	66	45
46	92	97	114	14	72
105	121	106	10	74	68
25	89	70	75	91	77
46	102	45	90	122	35
124	79	62	37	93	25
51	25	73	10	102	84
81	26	29	122	68	74
111	73	19	112	64	34
102	44	83	29	21	115
76	76	105	71	109	46
117	80	17	75	80	46
40	36	13	27	27	49
39	85	123	22	47	101
39	125	113	28	118	44
19	68	67	105	108	69
125	104	41	84	70	43
92	65	47	85	75	27
20	24	109	45	11	52
59	16	99	125	36	29
68	35	26	96	124	75
109	12	19	120	63	54
66	57	23	102	109	70
117	31	39	89	11	28
55	100	71	90	124	46
108	35	59	35	99	92
48	66	65	84	78	44
112	69	75	14	84	64
88	82	92	11	123	15
63	70	25	28	120	33
10	118	50	96	74	75
121	50	95	13	46	99
45	46	47	40	120	92
64	30	14	29	93	58
98	47	66	91	94	35
113	81	37	11	41	103
31	57	111	58	63	101
60	22	80	53	77	71
66	46	104	115	74	95
96	101	105	77	16	26
91	13	19	99	36	75
99	93	32	94	41	100
123	95	77	58	110	42
14	45	93	79	117	30
13	60	29	112	33	105
112	50	90	10	45	13
36	95	87	88	99	72
58	112	39	23	19	81
38	114	69	105	84	54
73	62	53	27	50	37
34	98	21	92	94	50
58	37	115	33	72	109
23	98	52	41	40	37
30	70	104	38	101	74
76	61	103	30	19	66
98	51	98	121	122	120
105	64	101	26	121	65
111	77	106	102	64	113
52	34	100	70	89	12
105	38	124	98	69	67
59	63	21	79	12	33
42	46	63	88	64	97
54	54	101	32	107	103
87	12	87	101	65	33
72	33	116	69	113	50
114	85	125	74	42	96
60	77	23	76	98	39
94	100	17	70	54	19
59	118	63	95	21	10
61	112	48	25	20	85
71	95	40	74	85	88
121	108	64	78	105	112
44	117	101	66	65	64
112	81	30	53	105	25
30	13	54	125	96	119
78	109	84	111	36	94
85	115	123	53	109	63
61	39	93	81	60	83
92	46	32	54	36	50
61	70	81	89	13	99
114	59	48	120	20	75
22	69	63	28	45	78
53	30	19	51	71	26
122	119	36	42	122	92
24	81	68	38	14	47
104	18	101	46	48	26
76	80	109	102	117	121
34	94	102	42	53	106
44	96	92	86	69	43
114	118	120	74	111	94
68	59	80	101	74	106
51	13	96	55	66	119
49	17	14	35	43	103
26	16	17	110	97	82
53	41	86	25	76	40
63	33	120	11	101	102
65	39	31	54	89	55
35	52	47	116	24	59
31	15	101	112	93	108
28	33	104	59	34	84
98	39	86	53	93	29
78	60	60	43	42	93
69	113	91	51	35	116
104	44	78	36	78	56
64	21	59	106	80	110
35	102	99	115	31	15
65	62	114	77	87	14
121	10	38	91	31	72
80	28	24	69	102	96
37	96	96	106	53	118
88	124	12	34	92	121
71	29	75	30	81	115
21	61	102	106	76	98
47	68	58	52	102	67
116	94	43	55	69	93
39	63	95	38	112	50
16	16	51	13	73	92
119	51	64	63	46	13
75	45	107	45	101	20
48	109	53	21	96	92
94	109	28	102	30	80
114	62	107	61	95	11
32	48	93	66	105	48
46	93	121	38	55	64
37	65	116	13	81	49
29	55	10	53	37	100
104	119	121	105	74	21
15	112	10	47	96	34
46	92	81	103	49	87
111	45	103	35	60	12
72	118	45	20	13	100
80	116	90	24	40	66
59	22	108	90	85	83
106	36	58	32	30	46
100	119	28	67	44	21
82	76	108	120	74	120
57	83	49	76	67	36
34	113	93	118	97	44
95	115	30	48	18	101
39	78	58	72	107	21
60	68	92	51	48	125
56	59	107	119	71	114
123	111	34	49	16	97
37	112	71	118	21	85
14	114	87	84	44	124
43	85	61	13	101	73
94	118	66	83	28	41
47	76	76	81	85	42
50	123	53	112	116	91
75	15	116	92	122	103
17	113	124	116	18	84
94	68	89	29	101	18
111	122	107	93	44	34
26	64	22	100	69	115
30	56	61	124	78	45
118	120	24	57	85	37
70	34	105	36	112	74
125	81	121	55	60	50
55	56	120	11	35	11
93	70	29	103	71	54
115	85	32	79	95	61
33	87	77	112	17	76
29	58	65	89	119	87
36	84	120	56	113	45
10	61	11	48	53	123
58	14	107	98	36	33
97	36	33	13	103	22
47	83	58	119	31	115
46	81	56	88	125	58
93	76	100	81	89	109
28	91	60	15	69	21
53	102	50	54	116	77
59	78	80	14	114	102
75	37	25	71	39	87
26	17	71	41	114	68
93	78	67	41	43	20
20	38	58	87	113	86
117	10	35	47	90	99
98	68	24	110	105	66
25	114	73	120	82	33
118	82	73	100	119	76
65	24	111	16	41	100
33	79	32	91	125	94
88	37	98	78	91	59
44	14	83	118	117	78
43	117	41	31	63	57
73	53	90	80	119	35
15	93	21	60	112	88
89	59	95	69	108	14
110	46	38	79	41	66
30	116	16	49	31	73
27	118	110	44	71	125
33	23	76	81	41	104
57	94	42	71	106	107
89	80	12	90	64	63
46	35	106	28	73	44
24	77	38	99	65	24
77	109	94	85	28	37
82	55	31	42	34	25
68	55	40	109	95	53
101	78	85	80	25	69
32	88	100	64	10	120
75	109	21	83	56	54
24	47	31	94	125	90
67	90	26	94	120	13
73	11	92	28	32	58
124	19	14	41	22	89
104	123	105	120	83	93
42	107	111	30	57	19
69	92	121	57	115	25
51	98	125	28	63	106
59	60	54	93	76	121
30	80	102	92	34	32
41	61	31	75	100	77
47	10	49	110	116	73
17	87	102	80	109	99
99	85	36	13	122	116
12	48	27	35	97	118
19	117	50	33	71	84
70	26	61	35	115	121
56	23	91	20	123	71
125	124	22	61	59	20
15	36	32	45	37	124
64	27	96	25	19	111
65	110	57	94	71	23
15	53	62	13	17	111
43	37	20	67	88	114
110	56	77	31	29	53
85	77	52	17	29	15
57	33	27	107	45	28
18	25	35	91	81	82
88	46	123	122	89	108
97	58	94	108	106	111
39	112	60	41	16	50
117	56	105	52	17	58
48	12	43	60	106	98
78	40	33	19	110	101
64	48	73	115	61	29
60	106	21	11	102	14
26	82	46	17	50	67
105	26	114	109	85	50
54	51	33	18	41	24
61	33	78	99	13	15
69	37	25	75	47	110
81	64	41	74	111	87
21	45	92	23	70	63
123	72	123	41	26	60
11	66	112	25	113	108
10	72	124	29	104	69
42	77	30	29	62	50
117	64	93	116	23	58
76	80	44	55	107	26
51	93	79	18	96	12
82	92	99	109	29	11
88	118	27	110	62	81
86	114	119	37	95	74
55	16	34	43	64	19
74	99	28	41	76	113
68	92	41	29	85	39
82	74	10	120	50	26
110	52	111	36	72	47
89	35	120	109	34	29
100	44	119	25	121	103
10	62	63	15	46	114
111	55	15	123	110	103
30	43	82	35	118	78
34	31	58	44	55	91
70	16	74	50	41	102
51	42	70	95	81	14
65	11	78	106	94	22
49	20	59	46	12	34
81	120	104	107	15	27
49	16	99	31	20	84
103	76	51	87	78	65
16	83	92	57	66	21
122	43	63	114	110	89
49	117	100	67	90	124
70	22	22	62	66	31
63	121	83	48	75	23
73	79	99	92	43	91
49	13	12	112	113	22
123	113	48	122	72	33
22	99	115	101	30	103
104	109	107	41	69	109
60	53	50	110	19	57
89	96	82	18	112	41
26	78	124	24	65	63
32	12	74	14	10	37
110	25	46	63	28	13
125	65	16	97	67	61
109	46	34	49	113	54
43	121	34	18	122	86
83	29	55	105	44	32
38	31	70	63	52	121
62	15	111	77	39	50
45	69	60	116	16	79
68	108	27	58	31	73
111	69	68	68	61	31
16	94	11	15	81	108
71	74	98	23	71	19
75	111	64	37	124	57
54	56	113	36	63	66
42	30	80	107	78	66
62	76	17	46	22	40
118	32	94	24	60	34
45	72	76	67	106	51
84	116	13	115	15	82
88	83	109	92	106	115
11	34	47	90	19	99
69	36	124	106	74	91
27	40	81	73	85	51
20	78	125	108	27	20
40	32	39	103	47	50
119	106	50	86	109	19
68	124	22	97	42	82
117	64	48	18	13	101
66	121	39	42	59	41
119	72	88	15	73	92
26	49	69	77	82	78
28	111	125	45	86	12
49	86	23	124	96	32
39	109	75	33	91	18
47	120	72	92	87	68
92	96	67	25	88	109
87	88	111	46	31	55
86	80	70	15	90	19
83	74	54	18	60	81
58	32	109	27	125	100
104	70	58	116	107	125
74	53	83	102	24	108
123	93	108	34	56	50
120	75	87	55	50	26
10	53	74	37	78	113
28	110	123	53	40	101
101	79	86	113	39	53
111	85	20	13	96	102
18	20	115	11	34	49
109	124	40	57	30	72
61	110	99	25	35	77
99	16	115	90	90	64
93	30	62	53	98	50
40	115	44	55	35	96
52	104	32	118	18	122
115	94	93	119	16	116
55	58	94	24	109	88
28	94	71	75	39	39
28	15	55	110	54	63
25	33	32	65	113	49
96	111	104	104	104	64
19	68	117	41	63	50
78	95	67	29	91	32
123	93	80	72	111	76
46	121	100	75	88	82
113	91	85	25	47	68
125	55	105	36	37	41
47	83	113	25	48	23
28	121	38	35	69	95
109	68	50	95	123	35
31	75	118	52	20	12
61	65	112	69	125	42
110	60	105	93	11	16
56	46	125	108	19	48
54	92	73	83	57	81
97	113	48	82	100	10
13	110	77	73	100	44
24	27	52	62	97	124
96	102	80	29	45	97
63	25	56	35	85	48
14	82	68	59	55	50
71	117	40	87	29	11
118	112	66	105	114	11
86	74	16	14	12	116
64	36	93	54	38	70
54	76	83	103	27	106
12	89	57	73	23	82
88	72	37	16	95	112
19	48	61	24	91	72
57	121	26	60	47	105
116	106	32	107	69	52
63	86	96	110	24	68
28	34	62	22	40	102
80	104	10	23	37	30
10	112	16	55	81	85
107	108	116	63	31	39
89	47	78	108	89	80
118	31	58	63	99	18
90	59	73	49	120	82
79	89	79	110	73	14
27	101	46	18	30	67
29	82	118	62	13	51
52	89	38	74	105	12
125	54	37	107	116	95
80	18	54	12	13	24
24	90	80	123	44	64
87	97	42	124	91	103
43	50	28	15	104	77
51	25	66	80	73	76
96	53	106	34	87	50
109	13	60	57	35	39
15	18	26	42	120	49
91	106	45	75	122	62
28	23	33	63	116	100
33	45	60	92	58	13
78	85	56	27	110	82
119	34	46	113	96	122
60	65	93	31	23	82
21	42	62	14	58	51
61	103	78	36	67	103
39	35	53	60	58	30
32	32	16	93	100	13
24	30	95	19	36	18
96	63	65	58	105	98
109	83	98	62	14	13
19	50	47	32	69	106
24	46	124	98	47	26
32	87	15	37	42	24
12	46	36	111	38	91
82	24	73	87	86	45
77	94	58	70	28	45
68	55	50	71	118	55
90	84	31	31	47	25
120	53	56	21	24	27
68	81	82	16	46	93
58	62	92	28	84	25
85	123	45	109	15	17
98	114	58	19	82	27
117	49	32	41	74	123
124	25	76	51	47	13
109	38	124	63	123	13
56	42	94	76	39	62
68	106	99	120	64	24
55	55	42	77	56	12
26	72	77	25	102	121
99	90	60	96	19	36
86	22	90	94	125	75
39	68	44	43	66	89
64	32	12	113	116	50
76	89	91	59	29	71
38	79	13	105	22	85
88	113	38	89	11	12
53	113	84	72	97	106
75	82	36	46	27	91
106	13	108	16	117	101
106	98	71	52	87	103
16	58	119	18	101	50
94	64	18	14	20	86
52	14	58	94	36	86
91	115	20	19	79	52
48	71	30	27	46	38
93	45	113	59	61	23
40	55	14	12	14	26
100	104	98	78	69	23
26	56	118	11	91	31
102	97	74	111	91	75
54	80	75	66	97	107
67	74	71	96	111	29
83	42	79	80	50	82
62	43	117	108	103	85
11	119	81	24	25	70
20	44	29	112	121	36
44	106	12	91	45	72
91	121	41	96	12	18
75	28	99	91	109	110
103	115	77	30	22	71
25	21	61	52	20	30
16	104	61	111	30	63
63	14	82	15	115	113
65	76	24	23	74	16
36	75	11	71	33	66
14	80	114	57	94	119
92	37	110	114	68	17
63	52	22	54	67	114
13	26	115	48	58	94
57	103	31	73	37	82
111	80	18	61	62	36
38	25	44	15	39	108
80	68	20	56	104	70
29	73	65	70	50	76
12	61	110	111	52	26
78	10	49	124	52	55
43	108	28	20	54	83
77	89	80	122	29	89
79	40	69	52	58	102
58	75	47	79	68	85
104	88	110	37	36	17
80	60	102	91	14	13
43	31	69	95	74	33
43	11	30	36	89	110
20	104	105	71	119	21
49	107	84	66	71	42
31	109	46	41	32	39
20	46	72	45	120	27
13	113	12	17	66	73
109	40	74	120	117	37
102	71	83	50	17	27
47	18	34	19	20	63
74	93	106	91	89	124
80	32	99	87	78	106
79	87	29	25	95	27
91	29	50	15	53	121
38	86	102	52	103	90
118	64	31	117	93	82
35	121	121	76	79	116
111	66	123	61	124	113
72	55	42	30	83	52
43	10	104	88	20	47
95	34	81	24	25	41
12	107	63	38	39	112
104	52	91	70	82	32
75	77	42	121	86	100
26	48	96	90	64	117
77	75	83	99	96	125
91	24	66	101	89	72
93	20	120	70	90	114
114	107	26	103	43	107
79	106	67	41	34	74
47	11	112	125	123	52
46	112	64	79	113	23
70	102	95	81	106	109
33	22	56	97	64	86
112	61	87	28	59	42
60	15	66	85	54	47
20	116	97	52	99	121
85	104	108	114	47	102
73	68	49	63	70	104
26	63	85	30	81	71
51	53	86	94	31	108
89	100	94	113	97	50
88	11	49	90	79	60
98	45	54	123	101	103
89	57	12	44	97	119
121	117	92	125	125	14
55	10	30	101	125	79
99	53	37	27	48	32
85	81	76	119	55	68
44	95	74	94	23	93
82	28	111	37	52	75
91	94	79	19	87	60
35	27	33	41	76	54
120	106	82	17	66	34
26	51	100	104	29	111
120	29	80	77	12	101
99	93	82	113	50	80
70	21	19	10	36	120
54	98	111	13	46	76
27	73	92	43	46	107
41	38	95	68	11	35
69	48	13	27	77	67
94	59	117	97	16	44
86	73	41	121	47	71
72	18	95	12	110	109
33	16	72	112	87	59
83	121	115	66	87	49
123	36	102	53	38	44
31	46	111	49	109	102
102	87	122	110	117	36
92	56	103	31	27	88
102	31	112	12	88	70
83	120	22	43	68	34
46	62	28	32	68	102
116	44	46	31	85	59
17	64	21	116	18	40
125	113	40	11	84	42
103	67	19	55	39	94
59	35	77	10	25	102
89	120	54	111	66	15
16	44	62	46	125	32
88	40	46	85	118	97
112	74	13	20	74	52
64	83	57	20	75	24
96	29	36	78	125	75
28	72	35	104	117	97
45	123	32	10	10	18
81	52	31	64	56	50
125	40	61	26	10	83
12	33	13	31	99	14
120	36	85	48	120	38
10	105	53	36	116	17
39	36	121	90	94	26
37	89	117	11	43	100
25	120	103	56	59	50
24	16	18	121	23	125
12	54	102	84	52	112
17	30	66	122	56	71
37	49	98	74	73	109
75	96	12	20	59	109
73	39	29	55	99	30
52	121	97	42	31	76
93	94	65	123	29	44
51	84	48	37	70	21
28	50	44	120	72	118
124	67	29	104	57	80
72	106	115	70	112	79
36	76	12	79	82	53
46	123	118	73	19	44
13	23	120	56	68	28
90	118	32	68	68	21
64	120	123	53	40	119
23	18	52	62	58	88
86	25	87	27	51	105
102	117	82	101	61	44
115	69	118	71	30	92
67	16	104	85	95	106
114	17	121	22	124	36
110	29	14	60	115	87
81	56	43	37	29	76
108	39	30	106	67	40
22	34	101	17	68	37
53	15	109	59	101	31
23	11	39	19	108	106
123	100	98	60	43	107
23	71	57	71	116	77
68	116	50	59	40	97
24	98	97	50	97	55
109	56	108	60	34	93
61	10	62	111	53	94
116	23	17	33	25	41
61	62	47	44	94	110
62	19	33	125	36	69
76	112	26	16	71	36
50	28	70	89	116	14
66	101	67	102	102	26
13	48	95	117	50	104
108	100	13	88	119	121
55	104	14	69	109	85
62	75	11	48	39	66
61	14	13	112	110	117
21	38	26	89	112	99
53	94	95	110	115	124
71	125	99	32	74	39
84	36	70	95	106	90
120	79	48	97	34	28
23	78	115	112	57	41
65	89	120	30	115	88
88	22	75	27	84	120
67	112	40	35	104	99
72	116	14	51	65	58
69	87	15	66	50	52
124	117	26	111	81	54
121	58	118	18	75	72
14	25	11	109	122	107
116	54	65	11	113	94
63	29	114	72	51	54
121	24	110	72	113	64
104	18	84	102	85	94
17	87	15	114	82	72
69	18	91	118	109	118
50	80	10	32	78	47
56	60	51	79	105	17
120	40	64	83	51	44
34	96	49	99	84	29
15	86	108	113	56	34
16	19	27	104	12	115
89	70	65	18	92	94
21	93	17	21	62	99
103	10	94	47	125	53
101	17	40	81	31	95
38	95	67	46	32	61
55	80	77	95	22	84
14	121	43	29	103	19
102	85	101	41	52	112
56	97	112	35	56	106
118	54	85	11	22	41
109	32	65	86	87	24
90	88	58	54	49	98
74	10	114	95	73	107
51	52	34	118	60	102
17	29	50	114	116	43
90	43	109	31	42	13
62	91	57	76	70	18
117	108	44	98	50	74
111	114	106	86	65	98
72	104	57	63	88	71
15	95	54	110	76	47
79	56	85	26	15	107
115	88	120	36	65	45
18	31	89	74	119	107
50	94	20	36	50	42
82	13	109	106	91	31
87	105	80	83	37	63
81	104	114	101	16	121
78	124	43	24	120	89
124	13	112	31	99	82
112	61	115	116	87	64
48	34	28	42	117	40
20	61	72	35	79	101
77	87	115	78	109	12
18	120	120	81	106	67
64	73	71	125	37	54
23	28	13	69	124	123
59	107	125	110	43	21
11	34	77	86	22	88
58	16	24	114	98	72
17	62	99	21	53	35
71	87	70	74	76	88
47	38	31	115	23	122
25	20	119	76	114	82
106	122	63	79	116	68
22	89	99	30	36	103
20	41	18	52	56	60
103	110	87	63	52	116
91	25	120	100	39	87
47	123	14	64	93	31
82	70	117	14	112	84
123	58	63	77	34	78
35	59	67	60	86	115
18	43	102	54	37	91
32	49	66	125	22	83
114	35	100	87	124	108
85	123	73	29	33	68
23	120	109	26	104	93
120	74	57	51	119	104
10	110	123	25	54	99
23	97	27	57	108	14
60	51	12	38	37	61
75	57	89	55	19	73
45	74	124	95	40	94
57	11	105	108	19	55
62	39	12	42	13	67
38	108	27	47	50	42
41	58	47	95	43	65
21	62	60	66	112	90
114	10	93	77	27	65
21	109	121	94	28	36
84	46	63	16	88	94
95	66	108	31	104	98
72	36	66	85	10	121
77	19	48	121	113	56
30	33	89	72	75	26
20	64	85	111	38	66
61	75	103	28	115	22
121	104	115	16	69	106
114	118	95	114	66	118
92	79	53	77	29	72
115	74	25	14	97	28
35	72	82	50	43	66
55	94	15	30	84	67
85	47	83	63	10	111
19	72	55	67	16	102
120	69	110	27	115	95
106	94	56	10	62	15
61	54	68	64	89	96
88	32	114	38	33	110
67	15	54	15	53	17
25	76	63	98	118	16
70	95	115	118	92	36
107	100	59	11	85	79
122	66	79	46	95	100
44	105	93	33	30	90
94	49	53	20	114	10
100	63	81	20	72	36
104	86	28	110	35	70
39	98	42	64	71	43
63	83	112	19	56	104
67	39	114	51	25	57
81	76	41	29	47	61
35	83	29	24	94	41
38	115	12	37	65	27
102	64	108	105	42	41
39	75	64	66	42	85
85	68	103	15	104	48
115	115	18	82	124	61
66	105	19	62	48	55
66	68	101	25	52	109
98	107	44	114	84	52
20	83	64	19	113	80
37	55	42	98	39	85
119	102	38	67	107	29
52	53	36	17	50	23
60	28	74	23	70	43
82	102	118	118	105	59
111	30	14	75	83	21
103	119	109	49	108	118
62	105	24	25	28	30
36	117	15	74	13	14
90	114	115	34	120	112
125	25	30	21	91	36
109	29	94	64	50	17
94	119	61	109	34	34
35	110	96	25	44	19
118	36	37	11	118	85
96	52	60	119	116	79
31	17	39	55	47	74
27	26	62	17	71	50
85	96	50	68	82	106
43	40	60	99	60	117
113	32	49	27	111	19
69	17	54	105	39	16
76	73	64	28	97	121
90	111	55	30	50	64
60	92	46	25	11	124
33	122	39	32	40	63
115	47	73	80	78	118
40	74	90	96	112	83
117	56	106	121	94	75
35	28	98	90	62	63
25	107	103	14	119	78
121	11	68	72	82	114
76	112	103	39	88	92
69	69	92	26	70	20
112	109	10	63	37	90
108	85	108	21	109	92
33	113	19	100	35	112
97	116	58	31	73	121
96	54	28	58	34	71
121	99	73	124	67	21
54	25	84	70	16	16
105	44	59	75	76	99
57	40	36	113	59	68
65	110	73	125	66	79
68	48	44	102	88	13
29	12	12	72	106	13
51	80	48	62	116	114
76	40	50	124	13	104
11	20	36	102	114	66
44	78	125	96	84	16
51	96	16	11	67	17
32	107	76	72	121	20
89	87	80	107	60	100
24	90	89	54	70	115
39	117	64	29	56	109
61	101	45	37	20	103
91	117	93	18	117	44
36	73	68	116	125	36
85	115	44	86	65	17
35	32	121	116	17	47
20	96	19	98	98	103
89	49	108	68	51	44
73	78	117	27	43	60
125	124	115	39	123	104
111	36	104	77	104	96
66	78	89	20	112	18
81	96	38	24	13	35
81	98	18	41	40	36
110	59	90	101	61	17
56	111	16	85	98	103
119	44	109	29	80	85
120	96	78	23	102	64
90	68	26	68	22	74
124	84	45	33	114	71
43	29	110	120	90	117
17	55	66	41	124	73
29	112	97	54	90	81
40	115	76	44	37	11
125	114	88	35	101	71
74	31	73	52	117	84
73	102	26	11	121	80
106	101	46	85	26	83
118	121	103	58	72	53
55	121	34	87	96	43
82	26	42	101	63	74
37	45	121	39	86	74
82	48	85	68	41	98
41	35	89	99	51	56
70	107	22	37	13	64
75	69	33	85	30	106
39	48	112	12	84	107
55	123	75	123	62	22
103	83	11	98	23	55
70	11	82	21	94	43
111	73	18	41	37	22
72	30	19	45	25	120
17	40	55	60	90	51
37	103	76	99	82	77
96	63	116	40	87	112
29	95	68	77	65	74
72	20	25	71	74	71
10	81	74	120	84	34
14	60	115	36	104	20
104	121	52	54	92	97
78	11	56	31	124	24
116	125	31	27	82	121
110	69	33	15	15	22
14	20	47	68	64	87
101	114	43	25	60	24
114	83	29	20	85	99
109	116	122	96	13	73
82	82	56	68	84	38
87	14	116	25	86	12
98	69	73	66	24	97
78	17	120	67	88	63
50	40	31	68	52	54
111	50	93	44	47	99
73	82	36	76	104	125
124	76	50	95	101	22
19	101	69	17	113	18
83	20	45	28	64	108
60	39	10	64	115	11
75	11	32	13	40	60
50	103	23	23	32	46
96	62	72	39	63	103
102	84	82	82	44	11
17	104	41	13	52	92
117	74	120	23	70	123
18	71	117	89	97	26
119	47	111	38	16	17
22	109	61	43	95	87
22	81	35	23	41	118
109	34	118	10	49	51
71	121	85	67	99	100
49	57	67	74	33	50
14	11	114	43	95	102
108	109	93	20	103	82
17	109	35	68	55	96
61	96	68	13	38	110
125	119	121	15	75	33
39	115	120	58	55	85
115	49	40	66	54	65
96	32	90	49	44	11
53	92	29	119	27	11
81	33	89	75	70	52
64	125	123	59	47	102
116	48	34	116	56	107
20	52	29	48	28	94
52	41	18	59	15	105
27	42	59	69	110	110
83	99	50	63	18	125
38	74	59	108	69	56
60	116	95	112	35	70
21	30	92	78	98	69
16	81	108	46	87	83
43	85	57	17	88	122
79	76	19	98	81	48
109	97	61	94	27	112
23	20	80	14	116	26
104	109	100	30	58	48
72	43	119	55	47	83
35	70	73	21	123	35
92	123	59	66	99	12
123	109	83	118	91	36
10	101	59	103	84	57
59	12	22	61	81	59
37	121	10	101	10	62
105	113	10	104	46	46
30	28	68	111	26	117
91	57	105	21	55	40
56	75	115	100	118	28
110	100	20	28	84	27
25	54	34	114	42	30
52	107	37	61	51	99
105	117	90	68	77	88
103	93	46	111	54	109
49	30	98	41	86	112
81	18	35	36	108	60
20	67	102	41	119	42
26	93	44	46	63	117
58	81	88	125	37	116
78	14	44	110	52	50
78	14	104	102	89	112
73	12	120	59	115	77
117	87	78	89	95	79
105	99	82	102	121	118
108	93	115	31	122	106
43	114	86	100	44	49
10	108	40	125	113	71
49	77	98	10	49	106
110	66	53	70	39	122
53	28	17	109	45	46
108	39	11	112	78	84
109	108	48	41	107	111
22	104	65	57	21	71
120	30	30	76	48	110
104	116	47	43	111	109
112	63	82	96	72	123
106	118	98	71	20	95
35	34	39	25	76	64
81	67	29	92	112	60
80	10	14	18	14	36
26	85	47	24	90	25
104	81	48	76	122	78
45	16	86	13	116	74
84	95	61	54	124	89
70	14	104	73	115	19
85	49	86	70	67	30
34	115	54	23	83	32
115	124	102	54	114	37
24	111	10	43	108	114
15	26	62	76	11	84
86	102	17	12	82	81
13	49	49	104	35	15
75	33	29	93	59	99
46	43	45	116	87	50
95	99	70	57	97	33
29	50	15	57	85	125
122	34	84	18	122	77
73	115	16	10	118	89
85	36	100	44	45	98
26	67	104	94	62	117
42	111	42	99	104	83
36	61	30	84	52	96
47	17	70	109	68	109
16	67	120	73	91	25
103	49	54	89	125	96
15	65	12	39	106	36
84	32	125	40	49	117
72	53	123	93	105	74
75	95	115	102	20	58
28	41	82	64	125	21
81	25	51	121	103	88
50	41	29	75	13	77
76	41	53	115	106	63
122	89	40	55	39	58
76	77	98	74	109	48
71	64	76	58	114	76
104	52	64	42	45	61
16	103	91	79	104	20
97	25	64	93	97	53
86	32	54	93	76	71
83	98	75	96	84	99
71	33	83	50	38	75
78	45	68	71	105	98
39	35	86	75	86	36
76	15	79	28	97	122
26	106	31	34	109	13
92	114	100	116	43	33
60	82	41	32	54	41
51	85	66	79	22	92
43	82	70	42	106	45
35	33	83	91	118	30
67	41	101	117	21	29
18	19	106	92	52	12
53	39	12	108	21	82
12	66	90	92	59	116
74	107	121	113	112	90
112	74	21	68	38	22
75	72	70	73	43	125
102	121	42	38	45	64
60	57	37	14	121	105
89	124	25	101	23	102
104	19	52	70	46	56
123	78	22	40	107	118
57	32	47	22	25	13
77	93	105	95	77	37
104	46	76	73	101	91
53	27	73	38	63	31
62	41	60	122	40	124
117	38	48	14	50	33
22	98	119	38	27	26
23	50	22	60	108	36
70	44	48	121	41	90
108	31	12	90	17	58
19	30	54	42	24	46
31	83	117	97	28	111
33	20	101	14	110	94
115	103	35	117	123	15
83	47	116	92	77	30
61	51	116	78	98	21
35	96	23	80	12	30
102	71	99	60	117	70
108	116	101	82	19	42
78	43	108	101	90	89
21	53	73	106	22	118
83	86	50	106	113	71
32	74	17	72	59	49
124	91	114	111	40	68
100	65	15	50	118	46
87	87	92	49	90	54
49	74	21	106	118	95
106	92	52	116	78	21
43	117	65	35	103	123
41	23	37	122	97	115
31	52	35	124	78	21
56	88	78	42	70	54
61	73	22	77	33	30
89	49	23	63	98	55
55	99	41	41	104	47
81	106	26	84	19	28
24	89	17	58	101	87
92	66	117	47	31	50
83	15	105	110	64	78
65	81	78	47	32	34
108	38	99	116	124	60
123	37	97	53	83	46
68	60	87	117	48	13
78	81	119	21	70	25
112	117	74	95	14	47
11	97	41	85	80	43
25	119	94	41	110	87
112	26	78	96	94	60
102	88	115	116	39	66
78	93	108	94	11	119
118	58	79	87	52	58
72	49	118	75	77	106
96	91	11	13	96	52
103	108	40	27	33	116
51	16	70	50	101	59
61	63	38	49	109	43
51	84	29	97	81	15
47	80	76	45	58	17
72	64	31	49	103	50
39	51	107	29	86	95
35	54	69	124	114	75
124	59	35	115	55	84
14	33	84	57	114	63
10	98	82	114	31	35
115	23	15	67	49	125
80	62	40	105	117	77
78	97	98	27	69	94
74	12	86	67	83	54
90	20	81	55	91	105
61	37	73	31	98	95
112	57	71	10	106	116
44	105	53	105	63	73
91	52	116	11	58	54
49	43	55	12	57	49
107	121	89	100	53	19
66	122	23	71	96	70
52	82	87	116	93	122
50	90	47	88	77	116
99	72	83	118	92	42
75	62	66	93	60	90
37	15	20	125	81	17
118	41	124	107	68	15
77	77	89	98	81	29
74	112	107	102	18	67
76	87	31	124	82	114
94	124	106	84	47	71
67	82	102	63	46	102
92	51	22	114	13	114
80	21	120	28	47	46
58	113	112	76	50	63
55	96	79	87	51	26
63	88	50	64	20	23
77	46	13	67	93	87
15	123	88	122	23	106
31	42	33	97	103	37
31	75	47	45	23	59
124	75	111	33	48	106
70	96	91	33	18	86
47	87	75	96	20	58
28	110	59	61	14	59
116	114	40	26	21	74
103	36	28	88	105	78
125	82	56	87	71	59
42	38	25	95	68	120
74	86	20	94	45	108
66	77	15	110	122	50
39	29	74	59	73	84
89	64	98	80	111	38
43	27	30	60	89	43
45	64	10	13	103	29
120	121	68	28	76	34
96	100	20	28	106	38
47	123	54	77	17	28
17	98	84	117	20	67
72	67	55	65	45	19
112	88	82	102	89	32
66	122	82	71	125	89
49	95	35	33	122	119
34	17	35	31	119	32
77	66	84	63	89	14
28	104	54	40	17	14
122	106	39	68	33	76
74	88	45	47	25	18
92	44	97	27	84	88
105	48	100	75	76	113
93	14	69	42	57	66
38	78	21	34	12	32
27	105	12	87	19	62
30	82	68	117	79	14
63	44	38	61	44	60
78	48	60	55	118	56
59	70	108	66	26	65
26	55	87	44	123	51
25	24	82	18	74	87
12	63	12	44	21	106
81	75	110	59	27	35
62	79	65	109	53	62
116	50	30	85	51	57
61	107	55	35	46	74
57	54	62	64	13	120
20	19	47	81	12	99
25	100	69	36	50	102
79	69	36	73	117	11
75	59	50	14	107	87
47	38	119	15	33	114
48	33	43	19	116	32
11	97	105	21	106	64
112	78	39	65	97	67
114	115	97	89	31	18
31	32	72	36	81	55
13	102	44	65	77	16
35	58	23	54	109	13
100	41	58	19	122	92
102	113	96	30	60	123
106	23	109	109	37	80
71	94	93	82	108	32
13	124	47	43	73	115
18	100	89	20	91	22
121	43	68	37	30	58
125	81	122	102	40	125
111	25	106	80	90	53
95	107	21	121	27	42
85	125	12	48	100	123
29	39	83	48	22	13
23	28	28	90	76	57
76	10	115	37	101	10
26	69	43	74	101	57
74	92	90	91	39	72
22	28	11	65	20	71
23	13	40	96	57	58
96	89	99	120	16	38
25	32	115	57	83	21
72	87	58	75	89	21
43	36	11	74	84	60
76	113	55	24	100	122
76	53	64	28	58	72
102	56	26	55	40	104
50	113	55	37	93	77
116	98	59	55	124	28
75	71	101	119	52	121
67	62	99	38	91	27
80	14	110	60	117	20
22	95	56	123	118	23
30	39	105	17	100	44
95	38	97	98	125	26
56	34	24	78	27	31
52	68	123	40	58	77
80	69	67	14	12	78
65	71	113	66	65	32
25	57	41	103	93	22
37	120	28	29	27	84
86	14	73	76	88	75
14	124	53	29	68	15
104	44	12	17	63	96
40	75	73	68	98	102
114	116	104	111	52	11
77	125	70	62	60	79
36	125	52	86	57	58
25	79	119	103	10	119
112	88	57	115	77	107
98	79	15	18	39	14
104	88	23	112	69	61
85	84	29	91	99	65
68	21	41	91	30	108
51	62	30	97	93	101
18	24	88	15	73	42
29	15	15	52	63	33
122	112	41	124	22	26
43	82	53	109	54	54
60	113	121	72	37	74
54	80	119	112	22	109
83	48	48	114	71	99
120	85	11	72	36	121
56	116	33	44	88	48
114	124	81	100	63	70
78	34	60	45	54	46
66	112	90	107	53	28
66	27	120	105	95	37
36	124	59	78	39	107
48	28	85	70	44	100
38	25	41	88	104	14
12	32	29	69	97	27
32	72	109	92	91	120
97	18	22	109	61	104
52	25	59	76	64	41
33	86	104	26	49	89
104	38	79	113	59	75
57	57	43	31	116	101
92	119	62	46	78	27
91	87	63	100	124	99
83	111	83	19	35	25
102	87	65	116	50	13
114	75	10	93	18	97
22	78	63	34	39	49
106	116	55	87	28	31
32	81	59	22	19	93
66	31	90	97	27	17
62	10	83	41	22	11
90	118	46	55	103	74
74	20	77	92	100	45
108	27	116	93	100	27
29	105	12	23	23	116
36	13	94	65	124	80
114	78	37	116	21	21
56	91	115	91	31	43
64	87	47	65	40	25
18	15	123	97	58	91
99	107	34	119	20	39
89	12	38	11	57	84
76	87	120	71	88	37
61	23	14	61	107	121
89	32	93	124	35	77
109	79	103	110	65	26
125	22	100	39	105	122
49	124	24	91	115	52
40	69	108	39	18	92
38	70	20	43	33	30
44	79	109	52	106	55
50	38	32	23	20	68
44	46	95	38	50	81
82	113	112	77	79	113
54	41	48	99	92	27
72	109	39	22	114	88
112	119	43	78	74	101
25	107	11	80	99	119
117	64	28	11	118	41
19	92	74	87	69	29
110	85	119	29	95	57
97	38	50	101	101	59
34	12	122	112	120	98
99	21	60	30	66	125
45	14	32	115	81	23
64	19	52	60	54	91
68	88	27	45	117	12
20	112	57	91	30	36
57	76	44	53	122	123
106	71	75	101	47	115
46	91	42	81	84	62
95	92	118	30	115	81
24	123	82	106	114	26
119	26	88	113	109	23
65	87	116	61	119	37
84	99	69	29	20	62
49	38	92	33	106	27
28	79	64	95	118	74
91	74	58	53	76	83
115	107	29	103	45	31
67	107	56	116	123	44
46	45	31	99	108	77
18	106	11	34	37	118
101	114	87	81	26	111
120	122	117	25	48	49
68	74	24	109	23	29
86	20	76	91	78	104
41	68	25	77	61	62
95	84	123	81	17	79
24	80	86	65	101	66
117	52	94	19	36	79
58	89	99	110	29	67
40	35	107	97	107	111
57	71	35	111	78	124
60	113	40	23	109	18
98	122	83	74	64	40
125	63	95	30	89	28
69	93	116	90	75	105
70	22	49	17	124	100
46	111	47	100	107	66
75	64	60	116	120	72
71	72	21	22	95	116
87	92	10	104	48	66
114	115	46	64	106	112
54	110	70	124	37	80
77	44	49	101	35	16
96	103	69	33	70	40
117	40	87	86	119	28
85	73	97	71	88	39
113	113	69	81	125	73
92	96	28	71	92	34
89	77	37	51	68	65
10	10	31	94	80	32
91	98	117	101	28	102
100	50	60	108	59	100
16	36	48	26	64	42
97	62	58	105	30	110
71	23	26	112	48	92
48	115	61	119	14	55
47	112	15	95	35	102
35	67	40	25	95	77
106	121	108	100	55	102
124	84	97	112	74	75
83	63	49	27	19	42
15	36	28	113	22	54
64	32	109	56	116	32
43	86	56	22	42	17
120	46	22	106	47	111
124	13	32	64	101	85
80	91	92	36	59	50
23	109	62	120	105	71
96	112	71	88	102	68
103	39	72	79	81	41
119	60	81	95	30	85
97	62	70	81	89	56
100	124	35	89	53	28
12	52	98	37	23	72
103	20	92	117	55	58
37	106	106	32	115	53
41	87	82	100	20	34
98	96	79	37	46	30
95	25	48	26	49	30
86	51	116	125	125	54
69	62	38	73	81	65
28	37	57	19	65	92
66	31	72	26	67	21
49	25	38	108	101	27
73	84	91	82	116	20
94	41	122	81	111	61
44	78	79	69	83	114
124	116	35	117	67	37
18	123	79	96	15	31
95	74	76	78	102	91
94	26	49	11	65	102
41	91	100	47	40	49
71	67	106	123	101	33
60	97	72	118	89	24
40	51	34	38	52	53
112	84	123	91	107	100
98	32	14	121	112	55
35	16	115	28	100	93
26	103	37	20	94	122
37	75	125	42	81	119
97	15	45	72	38	66
13	17	48	114	22	97
90	10	87	74	19	87
43	106	119	84	101	111
118	112	15	77	72	35
46	94	68	50	46	58
101	13	104	22	15	28
14	24	93	61	68	54
114	56	66	28	120	73
42	33	84	105	28	111
111	65	105	82	54	27
55	59	14	80	33	42
36	17	97	94	43	119
98	114	33	113	88	91
94	17	111	113	63	51
95	120	58	112	70	73
26	43	122	107	98	117
122	26	75	28	22	30
32	120	70	120	77	15
112	10	57	116	30	80
36	57	100	31	82	99
104	111	116	34	42	80
70	114	78	51	65	96
72	98	63	34	86	90
17	104	43	50	20	104
117	51	86	56	69	120
86	81	23	45	76	20
33	13	36	51	77	43
43	115	97	24	66	36
95	79	113	53	101	59
11	105	34	12	117	120
39	111	55	15	84	23
73	123	60	38	105	14
53	47	85	100	72	73
123	60	31	123	65	21
62	60	68	81	47	73
71	39	24	56	112	71
73	106	107	27	35	54
99	30	89	103	117	41
12	107	19	43	100	113
17	32	30	11	14	59
15	13	46	92	58	38
18	21	89	41	57	106
94	17	17	104	50	114
34	80	22	42	11	88
71	37	14	123	76	70
79	10	31	36	14	97
29	57	10	20	26	65
107	31	47	36	26	119
122	60	117	109	43	73
60	99	14	93	16	113
95	87	94	100	21	113
54	47	109	115	15	108
24	117	72	52	111	113
81	84	93	99	89	11
53	71	61	64	109	61
36	52	92	49	69	16
92	72	47	50	11	44
24	55	124	78	31	34
91	28	96	115	107	47
11	65	123	46	112	119
42	83	30	55	67	99
62	92	34	111	10	24
43	57	96	93	115	14
120	119	38	55	60	78
119	28	51	22	42	22
41	85	29	106	112	38
10	18	67	37	75	33
48	38	113	80	22	46
87	96	59	54	122	118
34	29	84	61	25	111
49	12	28	77	67	72
63	46	47	116	53	48
84	53	51	23	30	60
80	23	89	117	112	22
84	82	70	10	115	92
95	117	124	109	86	27
114	29	27	114	14	18
94	112	67	62	103	98
18	81	70	66	72	101
92	36	69	123	119	89
96	83	100	118	47	65
105	53	107	28	91	25
104	41	122	94	72	109
54	76	80	28	34	112
67	16	68	31	85	35
113	90	66	46	109	25
95	103	59	70	26	79
60	23	66	88	62	93
60	107	39	18	121	91
14	28	88	84	90	118
55	25	96	47	12	108
24	89	12	15	113	39
22	19	45	75	110	86
14	50	94	30	89	89
69	110	23	77	91	66
56	60	40	60	112	22
96	22	75	114	50	106
22	24	25	65	34	14
108	98	74	19	123	88
71	120	49	50	99	81
34	43	98	20	57	88
84	122	112	72	51	27
10	51	37	107	62	99
48	28	101	27	87	46
114	24	11	107	123	125
27	101	22	101	104	98
78	105	51	53	71	52
93	34	97	88	94	29
80	74	68	116	64	17
12	120	86	36	80	88
83	69	18	84	63	63
18	43	124	113	52	70
11	60	84	97	89	30
92	41	21	33	21	57
95	70	121	42	120	41
64	40	67	108	103	23
61	68	30	13	44	53
80	54	116	98	21	38
109	49	98	61	59	94
16	14	51	117	50	42
33	29	80	77	10	36
107	51	53	117	31	71
79	75	68	73	83	93
23	14	74	118	65	82
51	66	77	50	52	19
86	56	24	28	13	121
124	17	68	113	120	47
54	15	25	30	105	27
118	100	12	26	56	93
64	82	122	48	72	52
52	98	79	97	14	13
31	14	16	65	60	89
97	47	57	76	52	111
122	10	41	25	66	14
41	86	50	15	116	55
94	45	112	121	38	45
79	71	109	79	64	99
97	120	18	66	57	18
87	61	120	29	99	25
51	105	67	120	55	115
109	71	91	36	53	28
26	96	106	51	86	69
112	62	81	47	40	74
22	76	57	122	60	55
93	15	20	65	75	40
116	53	32	29	59	55
24	74	94	94	85	12
107	109	96	52	122	41
19	92	19	121	125	38
80	31	85	82	24	49
57	108	106	64	29	16
36	122	16	33	18	33
108	37	33	123	30	70
79	51	87	54	61	93
52	103	33	39	101	111
28	24	25	30	38	120
80	18	86	94	110	15
26	12	28	101	42	32
18	108	57	87	69	97
56	56	110	78	35	69
36	102	54	28	119	63
80	31	69	41	54	117
26	78	44	107	120	26
61	103	97	29	34	121
34	122	102	42	107	120
37	26	105	122	98	51
23	95	40	120	92	121
77	64	65	16	61	107
98	17	12	84	93	56
55	11	122	97	33	111
86	70	107	18	120	46
122	17	122	14	70	58
39	117	66	105	123	10
120	106	26	71	15	102
103	39	102	75	20	55
95	22	92	76	115	121
56	67	124	81	65	121
97	32	65	97	39	17
113	44	79	33	12	62
37	51	57	79	82	67
55	53	109	95	106	111
59	48	95	21	97	122
85	119	51	111	99	21
58	52	101	97	12	99
50	74	68	26	30	22
104	32	84	49	29	123
124	69	104	51	50	84
107	36	112	34	28	91
28	83	97	37	46	116
95	45	10	97	93	123
48	85	63	75	57	27
78	89	89	75	54	24
111	115	46	104	54	109
47	31	69	37	42	84
99	51	98	26	117	102
107	66	32	38	82	61
108	55	112	112	63	11
89	26	12	117	113	114
64	107	48	51	96	26
24	88	94	109	65	37
23	58	77	18	66	118
16	113	69	10	66	54
62	64	92	55	16	15
41	37	81	90	10	36
115	29	31	117	61	46
86	51	19	109	90	105
112	98	85	90	30	21
100	53	20	71	105	118
26	61	93	114	105	29
95	18	23	48	125	38
20	26	16	28	49	80
33	13	111	67	52	94
94	77	36	39	13	14
113	118	60	53	23	36
21	116	58	23	48	84
101	30	109	123	93	92
79	99	83	71	51	55
54	31	29	91	112	86
27	101	81	115	52	58
43	61	57	39	62	75
78	93	70	96	120	48
49	15	98	112	80	72
98	106	19	65	27	112
12	84	57	12	58	61
96	56	89	94	115	10
43	72	46	28	54	65
94	115	48	115	54	57
11	47	79	20	89	15
41	60	80	39	101	100
57	24	63	95	68	122
78	110	59	34	101	78
104	31	101	95	103	56
21	97	83	102	76	28
70	76	82	40	27	70
87	45	88	46	38	97
75	31	26	27	43	89
125	60	125	118	91	34
107	68	88	117	99	116
109	86	82	39	97	125
94	50	95	29	125	15
16	71	52	59	113	95
33	75	85	23	64	32
119	110	13	58	108	114
124	124	100	55	18	36
29	118	59	65	61	122
49	60	119	59	55	59
88	67	23	100	109	77
20	67	87	100	57	82
13	23	51	77	83	30
10	51	34	45	89	113
122	95	76	77	113	75
24	26	94	66	16	94
28	79	107	97	34	30
100	97	65	117	15	114
72	70	91	59	113	125
114	96	39	104	91	31
36	120	18	54	46	106
17	96	103	27	101	55
19	84	74	116	42	115
79	86	34	124	113	123
69	75	118	12	79	47
67	58	11	33	85	103
83	74	125	44	118	82
14	30	36	104	45	83
119	66	42	120	112	39
51	80	38	33	102	109
122	62	13	30	37	50
97	12	107	77	44	50
108	65	95	92	56	78
39	22	56	101	17	61
95	77	48	59	17	106
98	102	93	16	44	114
103	104	64	92	95	124
103	44	116	67	37	73
57	96	105	22	87	88
96	21	81	35	113	104
104	26	38	123	65	77
20	116	91	73	81	12
13	121	22	97	73	66
85	83	118	81	42	47
72	38	104	118	123	94
110	69	40	72	82	39
93	64	99	23	88	59
107	63	39	34	94	110
32	94	38	87	69	48
114	22	10	66	22	68
68	29	65	116	25	121
82	56	49	104	30	48
32	12	58	124	92	97
117	63	80	43	61	109
28	63	91	98	94	97
12	124	12	32	45	124
107	38	119	40	72	33
73	68	10	66	20	70
46	21	95	13	50	13
48	73	62	30	26	27
83	33	108	48	52	32
74	117	57	43	90	92
124	50	30	83	21	87
11	47	22	51	82	121
38	66	68	110	65	85
112	48	57	23	124	52
92	36	27	110	124	105
75	82	21	51	37	61
81	91	84	23	72	77
101	72	114	115	113	44
13	98	34	92	98	123
25	41	26	87	54	64
81	55	70	24	12	60
45	116	70	112	108	71
51	79	66	20	57	95
62	35	79	70	123	28
86	60	56	73	58	54
66	46	64	58	59	29
110	41	59	108	50	124
40	110	107	108	115	72
98	89	34	73	91	100
103	69	21	15	33	41
117	88	35	119	93	44
77	103	68	124	45	57
77	49	15	73	33	55
60	47	102	91	14	117
16	57	122	118	22	74
47	26	121	103	93	106
67	89	30	42	107	87
17	64	44	91	45	62
102	77	58	64	27	40
112	77	111	69	64	24
110	86	102	13	102	94
93	48	94	35	106	64
123	29	37	121	73	53
112	82	64	105	11	57
76	104	70	122	17	60
72	62	115	114	54	65
101	39	115	30	103	54
61	28	16	108	15	12
47	69	123	117	85	40
14	108	43	120	73	58
69	29	65	93	73	62
63	33	106	34	30	51
89	20	90	12	80	71
121	53	108	96	107	66
111	90	58	46	62	69
37	122	18	94	35	51
91	12	22	14	120	104
87	104	99	86	51	120
106	106	74	95	68	101
22	62	101	79	111	57
75	75	33	95	123	15
28	11	24	93	113	111
53	104	49	115	32	21
67	29	76	110	49	123
119	57	93	80	59	35
31	79	23	73	35	30
111	105	44	16	30	40
121	114	99	96	39	20
32	75	70	72	78	25
86	109	121	72	89	106
17	76	80	107	101	83
31	13	124	45	91	14
48	76	74	112	67	16
56	56	46	20	54	60
58	37	67	30	86	98
58	89	64	85	64	125
49	57	108	118	44	10
113	94	25	10	73	115
100	68	30	81	22	106
71	107	75	16	105	12
118	28	109	37	88	123
55	88	15	116	69	48
35	69	30	58	110	109
74	73	54	33	96	113
97	61	114	51	30	52
44	114	11	120	107	88
36	90	68	124	97	46
33	93	125	93	120	61
48	123	24	26	53	43
78	29	124	13	33	47
106	45	97	11	83	117
34	96	10	93	122	99
90	49	90	11	54	40
87	123	18	25	18	59
50	86	80	58	23	67
14	36	28	65	77	123
10	98	115	11	64	48
107	103	74	102	28	92
91	35	72	16	103	118
84	69	80	18	43	15
59	65	37	35	118	98
29	77	67	85	90	47
97	24	35	85	51	61
92	49	36	12	106	57
48	21	87	89	80	102
108	25	78	17	18	66
75	54	45	23	96	79
38	110	63	62	76	92
120	14	15	26	113	73
100	14	57	104	28	50
29	52	123	88	91	21
24	64	62	87	119	119
65	54	50	114	57	69
68	106	92	110	24	64
48	92	102	88	109	121
123	59	98	37	63	88
119	47	25	36	123	41
13	33	37	69	10	125
43	113	20	43	124	118
110	41	38	95	99	24
10	15	103	103	23	15
87	61	112	41	28	56
72	80	72	103	108	103
44	102	65	58	67	70
92	58	50	38	49	100
121	92	44	55	87	25
18	77	53	86	58	88
12	85	87	27	21	80
109	124	35	21	104	60
93	68	84	18	39	52
70	24	54	21	70	62
16	123	111	61	65	69
79	125	79	79	40	60
40	94	84	42	89	89
75	50	12	90	22	92
17	28	107	51	116	81
123	75	84	90	42	79
29	31	63	22	21	17
107	60	24	80	68	110
73	70	80	34	57	78
113	80	123	36	93	72
86	71	98	74	76	91
15	114	88	47	78	65
26	50	75	49	24	81
122	71	80	99	96	74
57	70	83	55	28	20
72	63	20	79	75	76
32	53	48	118	28	88
101	24	44	41	38	80
75	102	24	86	59	112
107	49	122	32	124	83
38	100	81	86	80	78
40	55	112	38	37	109
63	28	47	35	70	13
54	45	10	14	115	28
83	63	16	78	25	106
52	21	26	14	66	98
11	15	55	44	107	39
114	33	69	111	88	76
111	122	56	11	47	41
61	45	94	70	99	125
121	97	85	43	60	92
45	77	45	69	45	56
80	103	25	89	74	21
77	95	32	57	36	57
74	95	53	108	95	75
27	67	84	121	42	80
104	36	45	73	66	13
108	71	90	13	39	122
58	68	40	78	125	58
108	96	73	37	45	54
85	44	16	108	90	27
38	79	83	120	82	38
18	96	11	61	55	23
40	51	42	124	111	52
18	123	12	85	97	87
20	110	79	120	47	36
112	48	116	32	108	22
41	67	39	38	79	83
11	68	44	19	50	101
47	76	41	37	13	102
94	122	13	114	111	95
39	113	124	35	62	115
23	84	110	14	39	27
91	36	38	76	61	84
115	97	26	17	30	23
65	41	124	61	121	50
109	15	109	89	36	35
71	94	108	45	42	121
41	28	83	94	114	100
38	25	96	11	82	64
76	67	81	49	111	15
22	44	92	110	66	13
27	124	38	30	74	110
36	13	73	116	38	91
76	71	67	16	89	122
112	95	35	43	112	115
25	117	51	90	13	23
29	38	72	80	22	29
52	100	124	95	95	81
114	73	33	14	26	114
58	60	110	125	45	97
98	117	54	116	60	73
84	19	123	111	17	17
124	93	77	55	43	43
104	61	27	30	95	14
23	71	33	50	78	11
121	10	100	77	76	75
114	47	112	51	34	14
25	17	107	69	73	17
114	34	58	121	92	59
43	114	96	68	18	32
86	22	58	11	79	80
23	49	116	87	47	118
87	65	83	68	79	95
34	42	71	125	22	118
45	28	42	19	99	14
37	28	49	80	29	117
32	104	35	93	70	55
95	103	79	47	37	118
75	92	98	106	70	71
43	124	22	70	72	42
37	102	69	70	32	17
87	81	83	36	77	26
115	108	42	41	17	14
77	87	82	107	89	23
114	31	120	35	113	70
67	58	71	35	69	103
106	87	36	113	45	80
48	23	23	63	43	79
49	89	84	27	106	95
114	78	60	25	68	121
82	43	33	84	115	71
87	26	123	112	85	105
104	46	49	120	86	106
19	71	84	116	14	74
99	48	88	90	75	97
54	86	102	44	46	37
37	95	95	85	30	40
86	63	90	56	12	46
18	22	67	101	109	39
33	75	123	75	40	83
90	85	15	54	122	11
15	47	54	58	111	39
67	72	110	86	105	91
84	94	74	88	100	124
92	85	49	78	108	89
37	85	32	45	29	119
37	13	95	74	122	67
67	49	91	14	86	97
117	80	91	93	59	10
118	100	111	22	100	77
105	69	98	49	51	65
96	61	44	102	111	70
117	92	49	56	18	102
51	117	36	67	87	107
58	111	91	63	116	40
32	73	10	23	68	111
120	55	103	96	37	28
93	62	93	33	125	92
124	92	75	21	40	97
29	44	39	123	68	59
59	95	10	35	95	38
110	104	13	91	68	106
91	109	88	31	19	60
10	89	31	10	27	88
113	52	24	28	37	39
60	60	48	108	78	44
36	34	51	97	13	89
122	89	13	119	46	111
41	99	60	106	79	114
51	25	92	120	14	106
42	15	27	82	68	121
87	104	59	120	52	48
111	40	46	70	26	11
38	84	81	57	100	104
118	15	106	83	113	61
69	18	108	90	28	42
115	28	47	41	18	25
96	43	13	21	104	42
50	53	10	23	69	59
68	97	86	41	85	109
81	37	98	77	36	33
72	15	49	107	116	20
55	61	58	75	13	39
97	73	21	58	89	67
15	60	46	51	65	74
92	84	16	32	109	68
27	78	50	83	115	111
14	48	36	81	116	34
96	24	94	19	97	24
84	93	51	13	85	12
10	48	91	74	54	84
56	64	56	91	83	50
53	87	19	121	67	111
119	118	75	121	76	45
16	61	104	68	78	60
113	74	76	20	83	117
102	19	112	95	72	65
68	19	28	95	99	80
84	35	120	106	104	92
41	15	22	124	44	23
36	86	122	55	20	88
114	85	98	52	69	56
59	110	42	93	122	69
30	108	63	76	95	66
34	68	56	81	123	51
83	53	85	114	106	55
125	76	14	42	108	46
17	62	35	89	54	68
35	75	76	43	106	117
74	66	23	122	59	101
101	42	88	60	32	118
92	113	119	20	64	87
79	107	118	77	54	11
113	64	22	22	79	63
73	89	69	36	21	119
117	115	69	41	105	103
41	27	46	120	27	32
110	50	31	45	25	94
115	89	116	96	73	16
122	41	86	42	96	18
52	97	34	11	62	13
63	115	102	70	39	22
61	108	74	97	79	42
29	32	116	34	103	49
75	58	35	87	121	55
46	98	78	104	78	17
110	28	28	125	15	35
86	85	32	19	112	11
16	94	114	63	69	118
102	85	17	125	83	103
45	97	56	73	71	88
57	102	27	94	57	46
13	26	91	111	16	82
86	67	33	30	114	33
48	91	19	89	97	85
50	82	98	37	17	42
62	87	44	73	79	70
37	53	76	91	90	110
56	27	59	81	28	79
115	14	27	97	59	93
33	54	72	81	21	46
56	46	75	69	95	105
57	31	76	20	104	12
116	114	62	38	74	60
71	57	69	12	93	33
85	10	18	112	118	72
14	68	41	37	71	96
112	11	34	86	74	64
106	39	14	112	109	54
105	54	80	105	94	55
43	74	98	75	92	117
125	113	58	33	20	47
78	91	107	61	89	20
118	33	107	83	31	36
121	14	39	83	121	37
77	17	104	114	100	12
72	11	16	89	107	49
68	93	26	74	36	101
110	13	14	57	111	49
80	120	62	114	118	102
61	24	22	62	44	102
72	43	42	12	106	108
108	82	53	106	58	97
66	21	101	13	94	57
47	94	59	105	124	93
24	107	112	65	40	77
18	21	121	65	50	42
39	104	108	117	46	47
76	17	63	91	58	83
70	53	67	79	31	25
12	59	28	25	81	27
114	41	42	28	96	15
21	68	108	20	81	77
110	34	75	49	121	28
25	43	29	76	40	77
24	45	64	72	38	27
44	30	33	108	77	47
78	65	37	66	22	112
14	97	78	125	58	10
39	83	46	27	119	121
119	25	104	93	32	114
59	102	69	115	32	66
41	102	23	93	14	52
112	39	16	75	60	63
54	109	56	19	89	13
59	40	70	39	97	73
67	32	26	25	124	34
92	45	34	18	61	110
20	122	45	21	70	46
19	50	122	76	102	73
43	104	109	28	70	51
103	47	65	18	71	11
18	16	67	25	113	14
25	117	43	109	75	57
12	65	68	51	12	39
118	82	40	78	110	22
50	35	46	112	66	69
17	123	21	98	42	84
113	78	24	82	119	15
91	103	74	52	95	63
67	34	102	10	30	73
77	56	58	23	62	77
100	23	125	49	109	48
81	40	34	72	97	65
114	41	21	110	124	83
29	93	20	49	13	58
125	67	105	93	42	115
12	28	24	101	22	47
31	77	117	49	82	120
26	11	16	23	16	20
64	18	86	53	18	71
15	21	60	109	125	72
107	23	49	71	77	120
62	92	25	82	104	73
49	52	125	78	114	24
56	25	106	88	101	40
28	93	69	123	79	116
31	50	28	117	47	19
29	104	118	55	34	17
44	66	116	71	125	115
58	107	56	71	24	22
17	71	28	92	103	59
96	39	33	117	29	55
67	48	70	118	89	89
58	32	22	48	45	65
21	82	80	30	51	97
70	109	79	10	83	79
101	63	71	106	111	23
60	103	108	47	23	88
90	18	29	53	116	11
116	119	112	15	11	41
24	15	102	88	89	125
60	42	10	95	85	103
65	69	120	76	42	95
35	102	10	122	80	19
50	91	32	120	21	87
96	74	109	15	106	38
61	47	41	54	17	49
29	27	28	19	120	123
115	107	35	20	101	111
111	48	48	48	71	15
40	66	58	119	37	12
124	52	36	68	85	91
123	59	87	36	79	63
59	21	11	121	89	59
27	85	45	94	92	43
39	42	23	20	98	48
103	12	42	87	92	119
17	87	121	20	91	71
25	18	12	46	12	107
109	26	115	17	93	54
52	95	10	48	61	29
101	123	27	97	118	24
47	106	112	101	37	71
92	41	48	39	76	110
34	60	122	46	14	78
67	118	55	76	109	22
123	48	110	102	45	56
69	31	18	102	40	54
56	105	33	60	11	30
20	42	94	18	93	80
63	46	68	124	71	37
77	42	72	44	57	119
98	26	72	82	40	124
118	19	84	62	16	108
50	93	88	78	56	123
32	51	89	49	63	52
14	34	80	26	110	21
18	82	90	35	106	56
24	43	17	59	23	20
17	108	73	34	108	120
114	110	17	12	107	90
78	98	12	40	73	119
73	110	96	60	64	79
14	87	103	56	103	53
47	41	95	116	88	10
96	11	12	95	112	39
11	31	13	62	110	78
44	73	36	112	81	103
55	64	114	106	58	93
92	58	13	94	61	56
108	35	113	80	64	51
30	40	49	18	98	30
77	63	63	77	33	33
43	27	12	119	108	123
51	26	96	103	40	59
42	20	25	27	50	50
20	76	83	125	37	101
88	58	11	116	18	25
66	98	121	58	108	117
117	70	29	113	38	12
53	112	58	108	15	95
19	23	40	10	84	82
76	42	10	79	88	108
40	18	89	109	115	16
125	61	66	24	119	48
39	51	78	77	122	39
50	20	107	29	19	20
59	36	102	124	79	68
110	98	35	47	19	68
24	63	40	85	23	30
28	56	42	117	122	10
125	73	12	23	11	94
105	109	39	110	14	71
112	12	76	26	76	88
40	30	74	13	80	20
95	117	83	67	112	10
94	60	117	102	45	124
29	96	75	14	103	66
38	42	101	96	90	22
79	37	49	25	108	25
98	18	39	111	69	82
36	115	33	12	116	14
115	42	17	85	17	75
76	24	64	48	107	122
68	101	91	49	104	123
83	112	91	79	39	80
39	14	117	43	19	100
75	53	93	52	125	82
74	25	83	70	85	73
33	36	73	45	105	67
14	82	111	12	84	17
55	24	68	84	112	95
88	124	112	96	101	82
36	110	39	82	66	47
43	56	71	121	22	115
99	13	121	88	47	92
10	79	10	37	85	52
74	72	50	20	25	115
33	87	111	115	42	90
121	78	113	116	46	79
40	82	121	29	66	68
74	78	45	112	121	76
84	57	36	13	112	105
108	34	100	85	111	51
48	112	16	13	125	70
94	10	48	111	49	47
96	74	73	21	98	95
75	115	98	34	124	14
37	51	47	45	125	79
30	35	65	49	102	115
105	14	24	109	95	115
106	18	96	96	125	28
30	49	66	113	44	36
32	56	18	32	74	48
112	23	31	91	59	122
105	50	37	95	34	57
64	121	29	54	66	62
47	92	30	120	110	45
22	63	27	63	107	88
21	73	46	68	36	35
50	15	115	43	62	102
112	51	65	101	31	66
36	100	58	115	124	124
109	76	46	37	99	35
99	19	52	83	94	79
79	107	59	44	112	57
72	48	44	41	60	101
17	29	56	113	35	20
14	20	99	114	101	61
50	57	63	118	112	66
109	51	105	28	35	17
57	96	95	114	79	87
102	36	36	33	33	113
63	90	46	61	62	66
12	87	77	14	87	78
13	22	50	90	125	73
52	125	59	60	83	23
42	70	110	103	40	35
39	16	114	82	98	37
45	17	114	25	104	116
28	19	99	41	10	46
66	87	28	112	105	12
27	20	90	110	15	53
58	17	16	29	22	20
96	85	114	90	101	113
62	95	89	85	18	43
38	46	42	53	11	123
119	68	93	73	51	65
39	41	62	36	33	50
67	96	73	26	45	63
62	58	106	27	125	61
19	68	114	76	79	81
34	56	123	49	20	34
49	55	100	98	88	106
54	57	93	61	23	42
71	97	118	45	48	123
12	125	46	47	34	60
114	81	102	61	108	91
58	51	109	48	83	20
70	75	32	60	54	110
52	59	44	115	84	19
120	25	16	75	34	91
109	44	16	12	24	75
22	32	51	92	115	55
125	125	20	59	89	18
100	122	93	14	15	95
120	19	115	64	114	119
15	107	69	73	21	23
22	55	77	37	60	89
75	87	99	34	59	122
76	57	64	73	71	30
75	125	102	95	47	68
70	48	103	79	67	96
61	12	64	13	61	104
83	93	92	49	80	42
30	57	34	30	28	15
123	91	50	39	67	34
43	117	17	66	21	47
72	36	86	10	47	64
48	88	89	58	109	63
96	94	32	48	49	29
93	50	108	115	100	68
41	27	122	98	45	65
22	91	58	102	28	39
15	45	20	39	106	48
26	57	25	79	104	37
53	118	89	111	98	63
31	13	59	79	82	82
81	30	80	94	53	88
124	50	15	21	46	90
37	105	89	73	84	116
23	51	55	20	86	10
106	30	102	68	82	87
87	92	120	33	57	38
108	117	30	47	78	45
54	33	87	44	58	13
25	101	24	67	71	33
66	120	121	89	37	59
45	30	100	61	33	25
91	58	57	69	82	40
63	32	52	90	59	115
86	11	78	18	67	93
82	48	104	54	35	123
43	43	15	74	13	88
71	43	23	39	72	61
50	100	114	105	105	15
89	72	28	112	92	101
28	91	45	78	40	96
82	89	28	44	21	30
22	39	106	102	26	83
58	98	15	37	94	77
12	72	34	114	85	39
50	64	39	95	51	118
13	54	25	78	83	95
117	101	70	56	111	106
77	116	46	20	45	116
94	69	117	123	36	55
26	76	32	24	31	34
64	48	48	76	71	63
85	37	28	86	17	22
111	57	96	36	56	120
73	65	99	97	44	58
89	112	108	64	22	94
11	73	44	105	103	30
43	24	67	58	80	61
31	40	82	76	108	57
69	35	74	17	27	105
104	74	11	99	60	113
102	86	52	73	11	117
88	15	46	45	10	122
27	37	61	72	10	100
104	102	82	106	119	22
17	65	20	78	45	100
32	61	113	95	109	68
11	37	102	17	91	78
90	17	55	110	106	65
34	85	79	81	11	122
97	21	21	32	12	105
33	103	51	59	42	86
78	16	76	33	94	30
93	92	100	44	12	20
43	106	47	92	105	26
27	125	121	105	12	103
42	21	12	122	107	95
82	22	38	91	60	90
94	25	114	51	15	40
124	41	85	34	46	62
99	61	39	23	75	125
24	103	46	51	89	39
19	34	93	47	34	108
115	95	123	28	45	36
112	91	80	78	50	51
37	61	124	72	42	102
33	58	97	44	116	62
46	39	117	90	87	65
81	29	28	43	56	56
48	35	15	68	60	93
29	73	86	25	50	104
114	62	45	54	35	47
49	106	34	20	125	98
108	120	121	107	97	18
10	27	107	117	91	74
49	46	30	79	94	119
28	46	97	20	66	95
63	67	70	98	54	22
24	75	103	76	124	48
13	39	20	41	52	93
21	12	82	47	45	101
51	119	92	92	93	33
110	27	70	50	37	112
102	15	47	89	41	123
16	106	52	42	105	82
82	50	86	42	96	99
39	32	80	47	64	63
34	80	117	20	47	93
116	46	108	125	29	122
101	34	90	121	36	35
36	54	62	98	23	67
23	107	110	20	80	19
124	113	119	101	30	100
100	123	85	92	78	50
44	121	91	91	50	78
50	17	76	15	47	109
32	45	63	35	118	76
67	91	123	100	35	21
44	71	117	21	79	76
79	116	43	111	27	100
16	99	75	79	48	21
39	112	103	61	70	17
109	49	89	14	79	89
61	29	100	33	97	98
70	36	120	61	91	69
97	68	110	104	49	83
29	67	40	38	101	103
66	68	64	20	95	98
69	61	71	38	69	71
37	32	21	114	43	29
25	121	26	91	42	99
81	98	54	124	48	27
62	106	107	26	29	110
87	122	59	107	95	113
13	17	106	34	84	44
43	122	12	95	49	119
58	13	30	94	89	125
90	95	70	34	89	96
97	116	123	29	25	29
95	89	99	22	75	68
66	107	36	34	106	39
61	98	125	47	77	75
89	30	68	47	71	124
78	89	96	118	86	113
39	105	17	37	48	98
70	51	88	45	57	59
121	70	79	56	53	76
50	39	23	19	66	57
33	31	12	23	104	60
39	67	66	68	12	61
111	120	76	103	36	97
38	87	42	48	42	43
112	66	98	86	47	116
53	51	29	21	12	68
78	73	97	78	63	40
59	61	19	55	65	65
77	77	119	20	88	40
26	71	73	121	61	121
104	71	123	102	84	28
22	49	60	71	38	111
43	48	57	120	88	122
15	76	85	36	110	115
103	11	46	54	70	16
17	90	13	48	106	57
41	73	49	64	14	14
22	53	62	13	116	38
83	116	124	85	13	55
40	33	30	105	48	84
50	122	84	36	85	37
119	35	64	98	10	103
75	87	118	65	73	102
75	115	120	115	108	28
102	30	57	18	115	99
84	107	24	23	67	92
48	30	54	55	22	82
99	13	103	42	68	37
18	88	125	48	61	93
40	26	122	84	83	114
61	116	28	72	116	15
31	25	63	55	46	112
39	116	35	32	65	84
27	122	99	104	36	114
22	53	18	29	28	54
32	79	95	43	109	96
20	76	12	80	75	70
14	29	121	125	66	119
113	97	55	34	88	63
31	46	40	41	115	84
24	93	45	89	20	85
45	51	72	83	21	94
86	100	22	113	114	37
12	45	68	109	65	70
32	119	89	27	47	92
56	124	64	80	16	104
92	103	89	45	40	45
43	34	68	69	68	53
93	12	22	99	32	76
11	17	67	66	50	73
64	104	76	125	93	44
64	23	51	96	124	96
79	82	35	72	53	48
108	79	33	102	61	79
86	55	68	84	37	43
122	89	73	78	78	91
69	62	57	11	37	47
113	44	50	123	17	120
62	47	88	64	47	117
41	49	61	51	41	112
92	101	84	32	90	28
52	19	102	59	90	21
44	22	44	13	22	22
59	89	82	60	18	112
111	56	54	25	24	104
50	51	33	27	117	63
37	64	91	20	96	96
49	28	121	119	20	51
54	100	16	124	55	89
33	27	79	115	77	97
27	11	116	32	114	19
45	26	49	46	73	100
111	116	107	35	108	116
35	21	46	71	37	51
88	121	44	48	87	37
16	81	121	34	46	94
52	65	13	73	116	95
13	90	26	80	95	95
33	33	18	46	10	23
51	28	60	77	101	74
69	52	85	95	101	25
89	72	51	72	29	94
95	64	98	48	118	108
84	63	82	97	105	74
102	70	84	16	108	12
124	71	30	110	50	99
115	97	106	91	68	106
15	50	51	67	124	55
87	24	78	54	67	102
34	37	36	68	68	63
125	84	79	124	108	90
90	38	25	53	68	31
41	51	77	114	67	52
100	114	23	13	22	97
17	70	121	23	82	12
91	15	80	108	86	29
86	87	80	64	105	125
65	32	82	27	123	64
23	69	46	99	100	56
33	105	38	72	115	61
121	23	123	101	32	120
39	78	73	95	97	123
107	84	76	53	26	67
95	108	59	116	43	90
65	77	71	99	32	66
65	104	66	86	17	101
123	32	109	95	26	67
125	33	49	14	77	82
51	18	22	91	89	94
31	29	120	109	10	68
20	113	71	13	75	89
35	32	108	61	29	57
73	81	10	49	51	69
86	23	118	103	101	103
22	76	84	107	26	40
48	109	94	99	63	28
104	18	102	110	74	106
59	72	75	12	47	103
49	114	97	15	103	82
75	113	92	67	20	94
68	70	99	91	90	46
121	78	108	25	30	55
33	107	124	76	70	27
34	17	86	35	102	97
17	94	72	39	75	39
15	45	57	125	77	71
31	13	23	21	56	61
117	70	108	79	73	86
92	71	28	11	125	87
124	124	77	105	55	92
44	72	53	115	96	104
25	80	69	108	76	96
50	44	101	31	87	26
90	123	61	21	122	21
120	94	52	60	69	39
63	36	56	25	35	17
121	31	96	31	45	12
34	32	36	69	53	37
80	91	36	89	88	46
63	108	56	62	21	24
29	78	63	67	64	26
44	11	30	27	62	114
97	31	69	50	21	42
32	56	113	62	37	101
113	26	64	41	12	27
35	56	58	60	52	10
22	88	78	85	23	63
83	55	59	67	82	114
125	35	61	88	35	38
50	47	67	16	14	77
123	52	62	28	104	84
61	66	120	31	24	97
32	119	27	67	60	69
46	33	38	39	111	108
25	117	26	64	112	65
40	54	123	104	105	121
96	41	90	83	43	28
14	56	110	12	110	125
110	92	109	120	99	31
48	100	99	24	35	83
47	81	38	71	97	74
103	17	79	83	71	76
77	47	13	116	55	112
111	106	93	106	79	25
17	104	105	18	113	69
83	121	33	108	89	74
49	16	26	105	60	37
32	91	55	114	75	24
100	50	55	51	43	88
124	42	95	52	25	84
31	100	69	106	15	72
110	57	72	115	33	62
124	19	97	15	83	86
72	47	108	103	41	101
79	123	29	36	15	88
10	13	122	72	57	61
79	70	65	45	31	36
58	45	39	103	33	118
66	72	95	115	13	34
95	120	116	37	82	61
67	74	125	21	48	109
17	17	81	27	31	101
92	72	31	37	15	60
96	97	74	38	92	84
13	21	105	93	20	41
21	104	84	99	60	87
17	114	72	45	10	99
34	95	80	72	73	64
38	26	113	60	49	107
77	107	115	14	121	81
121	103	96	116	60	111
99	54	18	118	37	52
29	120	116	23	25	92
60	121	88	118	24	72
105	99	109	24	34	31
88	48	54	98	50	52
66	107	16	105	99	55
89	49	18	29	106	105
109	80	55	29	38	33
91	29	86	33	29	87
95	51	54	88	13	106
41	86	119	94	48	110
120	86	53	30	61	68
90	100	32	45	61	67
25	13	39	79	80	88
100	33	23	72	82	109
12	125	64	65	66	104
43	104	53	47	116	48
51	66	73	71	110	61
79	53	69	24	13	68
43	84	57	104	110	34
16	45	59	84	95	10
110	92	104	58	29	59
59	32	107	62	36	73
27	10	68	34	86	25
107	79	82	42	14	97
64	120	107	29	105	61
15	111	70	24	111	118
71	92	101	74	25	50
24	97	41	24	44	101
69	85	90	114	23	118
38	20	48	101	114	88
119	88	13	59	19	61
112	110	23	42	66	73
90	34	40	21	91	67
48	14	49	82	102	30
84	54	72	47	52	62
23	116	15	73	69	43
26	123	42	13	37	35
28	116	15	21	87	80
88	72	66	102	70	34
98	125	55	31	66	98
92	18	57	45	75	20
125	118	111	99	79	54
47	39	82	48	115	78
32	125	10	88	72	79
30	41	43	93	118	89
92	103	43	44	15	25
95	32	103	62	22	24
75	80	63	47	104	96
67	62	36	22	30	39
87	124	22	125	14	25
61	56	96	79	57	60
95	106	114	41	50	68
109	83	92	102	12	15
86	25	76	96	87	12
70	103	58	84	106	97
80	48	63	95	48	16
20	91	80	99	14	124
85	73	79	107	97	20
104	73	43	114	64	99
17	84	113	107	68	114
37	74	20	81	56	38
40	82	110	72	123	115
115	57	107	91	93	38
57	16	82	87	18	87
89	48	14	52	64	64
36	83	88	121	104	73
71	23	11	47	16	53
100	60	123	83	122	93
124	69	97	107	27	125
67	40	113	34	58	67
123	67	66	123	30	118
16	22	44	43	42	33
76	94	63	104	109	38
59	93	123	100	36	73
24	117	87	37	13	51
42	42	28	78	25	103
45	87	51	75	54	29
37	92	11	99	82	81
118	60	57	82	122	63
91	94	75	124	89	114
58	99	71	97	46	83
85	117	117	96	18	100
123	53	63	118	112	49
38	112	94	36	26	90
16	111	52	91	76	61
108	16	79	47	97	56
79	14	85	39	14	82
87	60	57	20	97	120
66	34	66	52	94	65
13	98	72	34	35	92
83	121	93	12	106	64
60	87	94	15	101	26
44	112	60	107	18	37
118	23	116	15	86	31
55	72	53	77	109	106
64	39	58	35	87	101
11	61	24	57	83	64
118	107	116	48	118	97
40	56	48	79	16	64
62	86	64	84	27	118
104	66	60	42	41	81
113	45	29	40	84	50
52	96	43	115	61	102
114	11	58	110	53	125
40	85	111	57	46	112
71	41	14	77	39	28
61	21	80	36	57	83
15	27	102	86	22	73
22	21	18	80	94	70
35	25	15	77	81	19
51	52	124	117	95	42
111	91	112	12	19	104
87	84	106	85	109	70
34	90	44	19	56	99
83	39	39	35	72	11
125	117	41	81	39	22
81	64	93	72	114	56
124	91	32	28	13	31
118	29	24	27	32	120
29	56	34	43	47	18
17	99	15	32	100	73
39	112	98	38	107	53
17	97	22	69	23	89
47	97	55	105	54	104
123	57	117	49	18	28
30	84	122	57	87	30
43	104	103	50	76	38
32	29	17	92	97	49
40	120	70	74	125	53
13	15	18	13	68	30
22	116	68	28	67	40
47	16	17	90	11	79
70	29	80	110	18	77
99	62	31	50	58	28
113	67	36	100	53	48
117	31	112	71	119	71
36	42	33	49	72	49
97	18	66	36	35	106
44	51	38	43	99	27
59	20	109	88	109	81
109	98	75	107	12	30
61	26	50	21	111	21
20	21	27	39	14	68
114	99	48	63	98	117
124	64	118	47	111	12
113	12	44	28	54	43
65	37	93	49	125	10
83	82	81	125	122	79
12	71	66	41	62	87
51	42	122	14	110	122
13	52	91	100	33	91
34	123	122	58	48	14
58	71	32	63	117	117
117	20	58	28	42	23
27	65	13	18	108	69
52	64	106	49	25	72
123	74	60	24	67	123
24	120	89	55	27	49
71	39	76	51	38	123
10	17	67	57	51	77
30	93	101	37	90	81
32	104	75	106	109	13
113	75	46	84	33	118
110	86	71	32	120	100
78	67	105	57	43	14
97	72	83	18	18	62
60	56	60	108	57	53
32	108	45	19	113	21
54	84	120	84	42	80
67	30	48	41	49	124
18	63	115	95	13	119
26	111	111	109	34	101
13	43	85	74	10	66
64	37	89	20	98	67
75	39	117	87	53	27
63	107	110	62	70	86
77	16	82	120	114	36
50	69	46	38	24	124
95	10	14	84	33	90
40	63	53	25	49	80
18	100	28	109	37	84
57	13	122	41	25	46
32	29	106	61	114	53
87	118	12	84	13	112
32	100	93	44	92	109
63	36	102	49	20	106
21	98	75	69	94	81
88	90	43	87	88	16
14	52	92	119	85	45
64	120	108	89	102	82
23	81	26	89	66	40
60	25	84	119	26	101
33	31	56	97	71	15
10	113	68	37	103	24
106	103	120	49	101	36
80	20	16	48	48	25
87	68	66	78	112	56
13	84	103	21	114	16
102	48	83	116	45	85
47	92	25	89	108	22
43	72	24	118	27	21
50	22	13	42	20	15
40	31	74	88	89	122
73	103	51	95	93	91
42	89	16	51	83	67
69	82	69	58	110	110
10	84	13	55	12	122
57	116	32	108	64	109
31	43	90	70	30	27
113	100	44	73	76	115
63	108	57	55	40	72
49	91	73	71	87	40
38	55	33	36	55	49
106	16	120	31	14	51
61	114	21	70	96	11
82	65	29	40	80	47
100	47	33	26	120	86
100	28	33	14	109	116
97	99	15	32	58	88
106	31	124	96	97	16
35	18	86	112	61	106
101	67	95	74	53	23
102	32	24	41	67	23
18	57	11	114	24	88
74	99	47	99	110	40
108	11	29	78	106	17
38	81	93	27	15	124
75	24	59	32	98	53
100	37	92	99	11	65
93	87	95	30	108	81
43	87	71	51	62	25
64	97	94	35	56	32
76	70	106	37	75	100
122	45	28	63	75	88
42	104	103	103	71	69
12	41	27	11	40	37
96	92	83	96	67	14
62	98	33	35	74	39
72	29	12	17	104	67
40	119	118	80	92	109
114	93	72	30	114	96
39	57	32	46	112	60
124	16	60	84	49	114
105	83	64	52	29	90
14	34	99	31	31	104
39	113	57	99	74	19
115	104	62	14	36	73
78	110	71	85	69	52
123	47	98	23	54	70
37	64	30	47	109	98
19	45	47	104	61	75
20	107	98	46	68	114
58	14	38	24	21	28
18	31	92	30	30	13
121	75	26	117	119	105
14	96	10	43	64	57
88	79	68	58	115	12
78	68	44	101	103	80
122	91	104	87	29	38
90	89	41	93	115	85
60	117	86	51	33	51
92	78	78	23	55	123
91	74	84	85	110	78
34	65	98	94	14	92
91	118	120	19	65	80
29	83	56	22	14	88
33	110	29	55	100	44
105	97	52	10	14	119
34	82	17	53	117	98
111	100	66	54	34	41
108	91	38	11	21	104
30	33	65	117	66	40
16	30	84	109	78	53
116	22	92	69	13	88
67	110	29	13	30	75
56	42	27	41	55	12
26	62	96	41	89	107
119	111	62	42	57	44
116	69	84	83	35	97
20	104	23	24	75	23
38	76	125	13	27	98
89	36	39	36	104	49
60	121	33	114	16	49
24	70	45	65	38	82
16	21	65	98	51	10
103	77	49	123	25	79
16	106	59	120	101	22
107	65	87	68	13	23
68	45	65	67	80	47
91	58	71	20	81	71
112	51	25	65	67	21
41	62	24	33	47	96
16	93	47	28	96	59
67	119	86	45	104	19
110	37	13	73	87	112
10	74	18	112	120	50
116	80	82	71	55	26
123	90	83	86	55	72
111	112	17	38	81	118
63	74	95	78	121	98
96	75	117	112	56	76
48	102	65	46	35	69
93	68	114	49	25	101
43	91	73	35	87	77
123	61	28	82	49	77
76	50	101	113	59	113
84	71	18	97	96	66
32	63	52	79	123	114
96	73	111	57	16	115
52	78	38	37	69	100
124	103	90	54	84	22
12	83	56	82	80	52
69	33	88	75	96	84
56	116	65	86	55	88
92	89	17	82	77	109
14	114	120	33	114	26
15	112	56	120	24	60
105	113	56	96	59	110
118	18	116	97	100	20
11	93	88	86	27	35
119	14	53	18	11	53
31	117	38	91	65	42
122	116	61	48	49	44
105	24	38	47	13	37
32	25	34	29	14	79
13	27	115	57	84	80
121	17	99	61	67	74
40	79	79	33	71	64
12	23	78	76	64	62
28	103	49	108	124	87
62	124	68	56	94	52
57	66	59	121	92	20
62	115	65	111	35	107
85	25	93	58	125	17
91	74	36	101	115	105
74	34	49	35	76	39
22	43	13	44	27	97
123	110	98	61	103	44
124	22	107	61	112	17
88	123	92	69	41	32
59	25	78	103	80	30
116	108	33	30	18	31
47	52	37	106	46	117
54	120	16	72	26	47
95	124	60	66	44	71
103	47	120	20	90	89
73	43	114	87	58	91
40	64	18	35	80	80
111	124	104	67	107	26
22	77	107	10	100	26
97	40	98	125	53	84
111	89	13	74	111	28
54	75	41	71	25	73
117	91	112	113	38	75
104	64	117	77	121	106
35	85	87	80	86	57
30	77	88	121	114	59
87	115	114	89	81	12
25	86	20	38	53	58
104	55	117	24	102	118
80	55	125	116	47	124
55	118	25	17	115	53
25	61	60	78	72	96
56	47	83	114	65	53
24	19	48	15	86	50
11	65	99	97	123	61
61	72	22	85	117	49
101	55	40	112	18	36
26	101	103	14	115	97
23	60	16	117	43	64
111	124	88	86	56	23
78	75	78	26	46	41
123	31	67	74	63	30
15	19	96	88	34	96
73	117	77	107	62	13
76	75	25	58	71	11
36	43	89	74	56	72
36	22	117	112	118	116
111	40	46	65	95	28
97	82	71	75	67	116
89	49	34	101	64	16
20	65	36	25	106	95
105	13	114	99	42	43
100	42	87	32	63	114
57	30	107	80	90	39
64	91	87	120	42	44
48	49	60	78	72	32
114	67	37	67	52	88
21	47	64	99	81	60
87	10	95	115	17	33
43	21	10	44	121	28
82	66	60	25	19	80
124	23	21	55	89	39
35	16	37	75	97	106
93	94	103	104	84	47
122	59	101	96	59	21
53	66	94	33	57	28
81	36	118	47	77	53
119	26	36	14	28	123
32	32	35	59	29	89
66	12	55	105	15	62
119	27	124	112	36	110
55	88	70	118	123	11
72	56	25	43	39	97
51	28	27	11	31	82
53	87	107	51	12	57
54	96	67	109	88	111
124	80	24	119	19	14
29	125	86	99	24	55
25	120	63	30	97	21
115	15	96	114	101	71
44	52	79	86	111	74
87	100	71	60	90	98
21	55	82	112	94	26
107	38	56	93	103	59
62	125	48	54	81	124
122	76	111	69	25	38
27	69	97	26	12	75
97	107	61	110	25	123
43	30	105	87	56	17
106	22	85	30	44	36
16	103	32	103	102	107
63	49	97	91	111	42
33	72	20	57	44	30
110	51	93	112	25	112
19	70	118	47	95	116
13	52	55	98	115	22
92	31	106	51	115	99
91	95	103	65	40	14
60	20	116	29	53	119
21	116	83	94	11	58
84	14	122	76	54	16
121	101	78	116	80	47
58	11	28	51	108	66
23	37	94	44	121	116
82	29	13	108	16	28
33	72	91	120	50	66
28	59	62	44	32	80
37	65	38	72	105	96
97	47	33	13	123	38
11	60	50	101	15	118
16	104	55	50	74	111
79	16	35	19	112	124
111	85	61	13	58	34
73	60	17	76	40	90
75	35	122	106	74	19
97	62	92	36	12	113
125	30	11	101	12	34
30	74	48	38	61	94
40	56	15	75	11	18
54	54	58	10	74	59
50	109	121	82	75	111
45	85	10	67	117	21
57	68	23	83	33	45
57	71	63	117	56	93
60	73	64	87	98	50
122	35	75	96	63	84
115	82	30	68	40	112
68	34	124	25	12	98
19	87	116	100	46	59
87	54	91	13	84	28
17	107	93	89	45	120
49	111	28	123	12	91
13	58	55	108	31	54
22	104	46	43	121	109
75	43	112	66	104	92
64	105	92	41	43	57
88	109	42	79	64	59
117	55	37	35	21	87
107	17	45	59	79	106
88	90	75	62	23	48
12	51	98	103	103	83
86	124	22	51	28	87
103	49	122	24	71	33
82	37	101	32	84	37
124	93	86	103	27	68
111	45	47	94	68	60
48	84	73	98	95	102
95	69	11	23	74	29
17	22	31	90	73	88
73	28	17	86	65	36
68	90	46	15	61	62
93	21	65	12	117	53
46	23	36	63	76	22
11	69	15	75	125	71
70	46	45	88	80	66
15	89	123	13	28	47
31	95	108	15	72	67
82	125	34	37	105	11
116	88	16	62	85	17
75	113	54	50	77	29
83	21	20	102	50	30
109	114	112	91	61	100
108	40	54	108	94	117
81	123	34	80	119	84
93	66	13	85	43	12
28	11	113	79	76	103
14	111	27	44	24	52
92	88	29	93	116	38
44	102	12	104	68	12
105	55	118	124	25	53
114	119	41	91	100	119
115	56	13	42	97	79
51	30	41	112	125	109
101	57	52	107	20	42
91	77	24	93	76	76
37	30	115	26	43	57
111	20	32	105	81	87
124	117	60	53	106	114
47	120	64	11	66	103
90	68	97	103	21	14
63	42	103	121	70	104
69	80	70	119	62	58
27	28	92	57	80	45
69	34	97	97	80	100
114	48	74	57	96	116
16	116	78	61	76	69
50	99	121	93	90	120
114	114	55	58	81	20
28	118	58	43	21	85
61	22	44	78	74	125
37	54	35	44	58	77
41	100	106	56	17	16
114	33	106	78	22	121
39	100	82	107	42	12
12	125	34	16	107	90
30	115	85	74	74	23
51	74	86	36	119	36
106	113	124	98	69	54
23	11	86	31	50	105
55	29	123	34	122	107
15	28	31	40	101	57
99	89	38	105	61	54
121	119	32	83	80	34
75	98	111	86	88	20
122	16	61	112	118	14
80	20	37	41	87	18
50	21	85	71	85	44
29	53	124	103	119	30
37	37	69	93	51	70
90	81	51	103	28	38
26	119	44	33	20	26
106	108	37	43	17	120
108	20	107	86	43	88
62	95	44	71	112	49
67	112	67	23	58	70
72	21	37	90	117	102
118	68	54	52	83	67
109	60	73	59	104	125
42	29	24	12	56	91
119	81	77	78	34	25
102	35	71	113	84	105
50	90	48	59	108	61
23	103	103	112	117	42
38	41	66	110	98	27
94	14	58	85	44	29
110	72	123	97	59	105
78	12	31	37	18	44
104	68	38	46	115	18
115	121	42	89	90	82
85	124	116	28	32	74
64	25	62	112	75	113
109	84	73	81	112	61
89	92	125	41	36	16
83	50	121	45	93	30
77	57	43	92	92	112
72	80	89	19	51	51
102	84	52	88	123	79
125	96	59	106	68	21
25	89	94	26	66	95
73	86	83	74	23	91
28	86	78	124	52	73
41	121	19	16	87	16
88	66	10	60	22	80
90	65	52	59	99	114
81	71	52	25	90	88
35	104	75	72	86	28
48	22	50	115	69	26
17	15	64	92	11	37
87	62	68	40	116	78
125	110	106	57	31	74
13	96	118	36	54	28
54	105	55	96	52	99
42	116	16	57	29	42
50	111	13	59	101	113
101	125	56	92	110	26
65	13	69	21	32	108
73	14	118	44	103	61
124	88	12	55	95	44
89	106	107	87	122	17
107	99	47	86	86	55
115	49	64	82	87	61
92	116	72	78	62	20
37	43	65	41	47	93
32	97	112	33	75	86
25	67	25	52	81	39
22	46	78	37	39	26
62	122	37	27	26	83
64	121	10	62	107	25
56	42	116	66	31	69
98	44	104	55	109	123
108	109	62	74	13	91
60	50	14	73	101	21
49	103	90	64	40	99
31	34	100	10	123	46
54	111	80	21	122	36
43	41	35	94	99	41
23	22	104	51	100	117
101	80	46	57	58	68
11	74	94	73	26	98
60	110	29	33	19	15
125	20	70	113	79	57
11	96	104	96	75	56
107	100	68	85	35	114
49	89	62	49	76	60
42	26	97	120	109	26
106	52	119	70	13	63
23	36	112	95	32	20
62	90	66	68	83	31
76	32	72	22	37	96
89	90	89	52	88	112
78	44	89	37	54	36
56	25	34	30	117	60
115	24	119	73	96	119
40	120	83	71	53	71
70	62	26	81	39	111
108	40	37	107	45	96
48	115	10	31	42	83
18	80	66	17	89	95
121	39	95	103	20	56
117	87	114	36	54	30
14	109	96	41	108	25
124	90	18	32	57	119
23	12	72	108	74	108
117	104	94	84	34	40
47	100	76	92	98	63
65	113	105	111	50	92
102	19	37	11	51	102
72	83	85	93	112	97
14	76	58	123	37	124
42	72	22	118	23	25
38	29	25	24	76	70
46	92	16	76	46	52
105	80	70	48	18	68
109	20	56	78	119	71
40	124	55	58	114	65
38	33	71	63	52	29
54	80	115	19	95	86
79	57	93	44	29	21
69	113	77	27	80	70
36	47	38	54	108	28
24	19	19	73	115	53
76	30	57	46	104	16
49	92	65	43	108	79
123	97	38	89	48	117
117	81	30	26	11	58
37	44	37	19	119	23
110	102	86	58	121	90
116	88	85	117	14	94
97	42	117	23	48	63
44	115	86	88	105	27
115	48	107	75	104	47
51	104	111	85	107	59
36	41	60	99	82	119
63	15	29	110	60	115
31	117	99	67	66	15
28	84	45	66	49	71
103	59	100	79	121	101
17	112	52	70	91	38
16	113	69	21	121	122
68	102	35	36	35	89
16	27	101	31	54	81
41	111	61	69	87	20
24	117	14	112	73	27
29	118	50	24	43	34
65	55	112	94	106	27
43	89	93	119	62	43
107	120	15	18	20	68
75	106	71	67	55	56
76	116	122	102	80	103
90	116	81	109	117	76
18	46	24	93	15	110
59	11	124	93	107	57
26	122	33	70	51	15
30	19	73	62	75	69
88	13	59	12	124	111
28	86	120	44	125	70
99	118	124	115	49	17
61	117	73	90	39	37
48	72	105	48	16	85
17	44	32	13	73	115
17	80	51	56	106	40
41	98	27	99	107	76
68	74	95	44	56	14
80	24	52	89	105	95
101	27	115	96	102	110
54	77	35	96	70	80
52	124	47	117	12	23
122	28	69	34	92	101
121	66	19	59	42	83
57	95	101	12	57	62
106	53	59	76	59	109
32	88	109	110	97	91
119	114	119	105	116	95
91	45	36	19	20	111
79	42	99	87	44	125
51	58	33	78	89	45
50	54	45	55	96	106
50	61	57	12	50	50
55	11	97	119	77	52
16	124	10	75	53	55
80	29	44	116	107	27
68	93	27	28	32	11
47	77	31	83	33	17
34	30	40	83	79	77
50	99	17	90	87	65
99	115	59	54	88	31
60	33	38	62	77	112
47	82	70	21	84	68
56	110	118	64	104	48
96	74	69	100	61	104
80	72	85	68	21	106
101	21	66	116	119	107
97	57	73	55	88	11
111	82	18	70	49	18
41	62	65	123	51	76
37	44	38	63	26	53
94	64	13	50	69	115
22	24	48	36	47	113
33	119	49	100	85	59
123	80	48	59	86	17
100	105	50	82	82	61
35	62	54	53	50	90
47	31	62	65	30	123
65	109	93	97	12	26
93	36	16	25	15	43
50	38	59	29	101	82
97	63	25	49	43	81
91	47	58	103	72	55
38	25	39	69	90	63
78	69	124	109	102	71
117	63	16	55	70	105
32	67	46	99	108	108
62	30	90	98	79	11
47	63	111	61	96	107
100	118	12	14	35	89
108	70	82	28	81	10
36	33	92	86	92	42
68	47	89	27	50	95
116	63	24	109	54	119
64	75	28	73	87	79
51	77	48	73	48	82
38	108	115	87	107	95
112	121	52	100	99	101
113	48	41	112	106	115
65	33	121	78	58	113
55	79	32	36	58	108
122	68	124	71	94	119
48	46	57	40	32	83
107	31	100	101	76	87
72	103	75	77	80	78
27	41	52	10	106	55
86	16	87	100	64	54
61	51	69	60	92	123
51	23	70	34	46	68
10	38	114	72	26	79
40	72	109	43	31	98
11	12	53	100	50	121
60	56	19	71	62	42
89	58	22	20	98	51
111	115	10	108	55	111
28	70	108	76	14	123
106	78	42	42	63	53
88	103	50	94	116	102
63	69	39	15	104	54
82	58	108	10	83	83
72	76	122	35	88	34
19	93	103	58	74	119
79	66	122	19	83	94
97	76	113	38	124	26
30	111	67	17	100	54
93	62	62	35	120	72
107	77	54	52	26	15
69	116	50	86	111	117
79	71	39	88	19	110
50	51	121	14	63	89
118	58	23	13	62	52
102	54	97	108	81	74
87	21	41	50	41	87
52	84	115	49	120	118
32	31	32	112	44	18
73	15	90	64	76	124
82	73	54	54	96	12
111	101	96	46	24	63
56	111	23	101	75	85
121	81	98	20	32	122
82	101	49	48	119	22
125	108	87	75	125	67
48	80	105	58	107	68
79	11	118	54	92	64
10	16	99	34	100	114
32	37	90	24	89	29
42	120	52	46	108	92
108	66	114	97	61	104
107	53	108	80	100	84
72	64	22	20	43	60
84	19	37	30	73	80
13	26	95	74	119	68
103	123	49	82	28	37
43	118	114	57	68	35
84	98	113	118	14	125
15	114	81	124	114	49
41	52	53	17	52	110
32	36	73	58	14	27
110	95	71	73	21	30
83	56	30	36	70	22
65	124	71	103	38	69
104	76	47	48	107	121
27	23	113	103	86	33
20	111	45	125	103	32
40	41	60	53	57	118
29	73	66	84	52	122
110	104	63	79	103	104
83	118	121	92	11	67
80	87	100	44	113	41
40	60	34	120	116	96
16	98	26	11	90	98
64	107	111	103	29	67
124	49	63	83	38	48
46	42	103	109	62	20
45	63	91	32	123	92
10	102	21	25	26	109
87	125	117	66	114	60
91	86	91	90	96	45
68	40	23	114	92	58
13	55	48	40	53	64
125	100	24	34	42	57
51	70	125	17	34	86
18	36	38	93	108	20
24	16	97	18	41	54
89	55	105	54	30	66
65	54	60	89	43	111
121	47	30	35	72	16
121	25	75	12	13	86
16	75	18	54	44	101
77	102	113	20	93	36
83	18	83	61	19	54
91	97	33	61	20	118
125	22	29	71	109	122
25	76	61	39	65	113
10	115	40	123	58	103
29	70	125	96	65	122
29	62	29	62	28	32
84	54	44	79	16	118
96	46	120	124	111	46
27	110	17	74	109	60
96	70	51	52	40	124
106	99	121	79	96	111
49	122	77	10	112	99
32	79	64	15	109	110
69	19	89	122	112	102
108	74	33	83	10	85
105	123	91	105	85	36
125	70	27	45	79	118
18	119	59	51	96	76
12	69	49	90	121	80
17	122	38	91	25	34
69	80	81	77	117	55
70	62	92	22	103	118
118	18	79	90	76	70
16	101	104	102	71	38
72	53	119	54	119	101
55	97	115	87	47	44
96	112	15	23	93	63
61	25	26	62	29	96
79	101	122	64	115	125
46	75	36	14	108	35
26	22	58	40	24	94
13	27	92	78	61	83
55	121	41	89	18	73
54	90	51	57	16	10
35	91	33	60	60	105
124	96	24	41	48	114
83	82	118	96	40	17
96	99	119	22	23	113
89	37	64	17	96	111
71	125	12	45	40	98
115	78	53	115	47	104
30	77	56	29	69	25
93	74	124	87	96	97
122	22	47	63	71	40
97	14	33	10	95	31
79	112	32	112	42	76
104	73	89	103	16	65
65	112	57	88	51	121
26	23	18	98	44	46
68	58	40	105	75	119
114	84	112	111	43	118
123	30	66	63	124	91
102	75	59	27	50	32
67	67	96	125	119	98
33	86	55	40	56	55
72	76	85	70	77	55
106	86	104	48	73	83
60	103	14	122	83	40
118	25	13	54	54	125
32	103	50	23	65	19
26	21	70	105	18	105
68	116	78	65	99	109
105	66	29	89	73	31
88	108	14	125	87	60
26	35	62	62	42	95
108	122	52	113	25	40
64	13	61	73	38	22
38	123	93	105	81	91
115	62	101	79	49	66
67	121	86	110	87	13
84	23	59	124	63	71
66	18	106	80	20	83
59	39	32	112	113	42
18	96	30	39	78	55
11	38	65	61	12	120
118	110	109	109	73	111
84	67	63	49	125	106
12	98	119	57	56	121
44	96	106	62	42	44
23	96	70	102	29	25
92	95	76	110	32	87
77	77	38	71	85	95
21	45	125	104	99	13
96	74	61	27	16	61
96	24	82	110	89	72
64	61	72	17	19	38
10	118	28	79	15	101
97	43	76	88	53	66
12	102	111	51	115	123
85	13	60	22	23	39
123	36	111	118	21	88
15	25	16	39	65	33
34	85	37	90	107	21
86	117	70	88	31	40
54	17	70	88	98	121
76	66	115	122	82	28
46	107	121	21	70	125
47	103	113	96	15	62
74	18	54	22	37	20
63	84	47	83	47	112
57	98	15	114	31	61
97	61	112	101	66	123
57	17	31	114	119	114
100	69	59	44	36	111
82	103	60	51	64	77
15	94	17	76	101	102
67	93	93	109	88	63
94	28	83	23	124	118
31	30	15	32	104	57
70	47	84	109	24	69
40	48	56	72	78	20
51	78	60	58	116	125
26	44	25	103	83	24
26	69	121	39	94	109
94	90	65	116	53	106
79	33	26	101	77	93
64	111	15	33	12	123
25	14	87	12	91	68
88	14	82	104	106	34
53	108	56	115	29	12
51	63	121	40	123	61
47	112	30	110	41	89
71	27	88	77	37	23
44	72	121	116	85	95
120	39	52	27	69	84
19	89	46	111	102	79
16	72	56	74	109	36
79	35	54	97	85	68
92	63	119	66	49	50
101	90	94	72	93	112
72	91	66	46	24	45
85	102	33	80	30	59
41	117	124	107	45	40
106	15	81	65	91	59
122	35	24	41	115	116
18	60	46	21	60	36
118	105	29	62	93	76
97	76	12	101	107	20
25	60	85	92	82	53
31	68	87	88	26	85
103	55	32	72	122	76
54	89	124	34	59	11
119	49	98	14	24	96
96	62	61	121	64	117
17	119	44	46	112	51
113	95	80	116	33	18
120	98	56	76	74	107
99	53	70	107	116	47
18	70	100	122	124	107
19	48	89	14	74	120
73	68	53	105	26	21
103	75	78	26	32	71
80	66	88	63	65	79
71	61	120	46	110	24
105	28	102	59	69	10
86	63	60	11	66	71
14	55	120	90	28	32
33	80	90	52	15	65
105	124	96	118	92	17
83	108	73	69	110	111
75	104	81	86	35	14
28	71	56	118	10	17
23	98	94	38	27	89
74	56	63	124	33	110
79	86	117	28	72	13
20	63	108	65	101	96
71	37	35	92	24	21
18	26	93	22	28	10
111	105	81	27	36	102
61	54	104	70	62	50
78	55	73	30	16	100
100	91	112	70	103	83
37	61	59	122	10	71
96	74	111	104	13	122
44	76	94	104	61	34
34	106	49	90	53	99
41	118	122	40	82	108
82	103	11	59	101	111
37	121	37	51	106	65
23	38	28	53	22	42
92	104	56	89	111	43
66	10	123	33	29	78
71	15	40	123	82	101
28	61	79	121	95	124
59	61	37	63	102	107
55	74	91	114	116	99
115	90	41	19	17	118
45	51	14	53	22	94
91	79	16	56	70	52
103	44	108	43	75	121
88	52	71	29	123	87
25	62	49	50	42	14
25	70	43	110	99	80
32	75	84	60	75	81
115	27	73	16	19	89
51	83	99	29	27	73
101	93	67	108	63	53
64	71	15	32	120	49
77	34	70	121	76	85
96	107	13	71	30	105
47	104	61	71	98	36
119	57	60	31	110	58
23	62	87	86	18	120
80	101	42	118	123	29
41	79	27	43	89	24
116	33	36	89	47	23
107	51	21	27	27	93
32	62	10	100	72	42
22	42	116	17	55	41
100	65	108	85	80	77
11	44	33	116	65	81
21	105	74	40	24	121
94	113	62	90	26	24
105	51	35	75	64	75
55	125	88	44	12	40
111	29	41	63	32	41
48	74	98	16	123	106
67	45	19	100	80	34
59	20	58	69	73	43
116	70	112	54	62	68
39	81	73	119	59	105
125	47	112	72	67	50
105	71	25	59	62	104
55	80	70	69	84	90
80	115	57	97	104	97
113	118	85	109	86	22
40	67	64	93	35	94
65	68	50	16	15	40
118	84	46	33	91	78
39	27	55	106	56	15
17	86	71	95	32	47
89	19	15	57	35	108
69	78	40	78	34	58
123	69	82	64	110	16
58	94	73	12	55	14
30	54	105	73	56	86
27	56	61	113	82	34
51	67	92	56	118	102
25	80	72	89	72	18
30	46	119	41	23	124
15	87	95	21	61	87
58	101	86	44	30	17
60	96	113	96	11	42
45	16	105	121	125	44
22	98	59	101	77	87
89	38	72	84	118	124
119	53	12	62	86	47
103	109	25	53	82	118
81	68	62	21	91	78
74	59	33	79	94	86
33	115	112	18	28	55
69	116	58	16	82	105
36	116	81	111	55	61
75	50	53	92	43	47
116	92	14	103	52	118
19	31	110	91	12	104
105	28	104	86	84	27
79	25	22	71	105	31
56	123	94	41	111	125
106	78	121	59	12	27
56	20	122	53	57	12
110	16	98	66	91	80
68	42	93	12	74	64
30	105	38	119	49	28
33	61	99	26	68	124
29	54	29	107	50	39
19	37	21	61	86	64
68	25	50	103	27	23
112	111	118	21	65	31
77	53	87	56	12	58
61	13	18	92	42	99
63	102	17	12	32	66
32	37	90	106	41	66
39	125	49	86	30	112
109	117	36	38	12	57
117	108	68	56	65	35
12	110	67	38	108	113
23	80	89	102	72	84
114	20	64	81	35	90
95	124	94	81	78	37
64	22	12	109	19	44
64	50	86	111	117	108
28	47	111	99	46	53
65	36	63	98	13	48
38	50	97	84	102	76
114	26	60	69	12	52
101	91	21	17	40	72
29	68	111	73	55	91
53	76	108	83	33	63
122	38	21	54	68	73
71	123	63	57	39	40
104	122	50	19	46	87
117	46	42	63	54	111
46	120	100	112	92	91
93	55	95	94	19	112
89	38	22	45	108	96
44	39	45	85	57	27
56	82	42	10	47	41
113	40	57	70	95	31
53	125	122	53	103	91
55	53	57	56	68	60
20	100	18	60	17	94
87	107	11	103	13	52
55	116	22	99	85	37
72	48	52	70	80	94
120	109	36	59	108	116
107	93	43	102	12	12
45	10	38	71	57	41
34	112	115	78	115	92
104	97	98	67	27	17
104	109	122	80	123	83
113	125	90	103	45	52
51	115	92	48	36	102
33	114	125	94	29	65
121	113	32	67	92	117
34	28	65	33	17	116
38	70	110	32	86	118
102	19	39	22	34	62
94	75	122	61	28	52
116	69	111	34	33	83
78	40	64	27	111	10
59	56	66	18	65	75
91	22	65	79	28	31
64	61	24	27	114	32
60	107	34	17	79	103
27	65	116	51	48	26
92	103	20	43	83	125
99	77	97	22	81	80
59	101	41	53	45	45
12	65	115	42	99	120
54	94	34	55	109	48
41	67	93	88	96	20
13	53	54	34	13	108
36	95	111	122	76	116
108	66	71	44	19	65
91	17	108	119	27	105
33	75	37	76	81	109
14	79	71	12	112	109
55	54	49	27	72	61
58	67	68	44	72	66
79	107	52	78	80	61
20	19	32	34	59	11
10	40	19	112	38	99
76	38	39	47	97	20
50	121	36	14	84	74
119	75	120	84	66	117
19	37	109	17	29	118
125	123	95	57	46	41
112	78	122	113	35	30
81	39	115	70	45	20
60	53	108	44	11	25
61	22	20	123	113	20
107	52	69	72	90	74
125	111	59	50	123	116
96	50	106	51	106	60
41	98	100	79	105	86
86	41	20	82	89	112
53	53	30	37	30	14
51	64	106	88	83	42
86	11	65	31	100	101
29	120	17	43	63	98
104	29	64	50	24	32
73	87	114	122	103	37
39	94	98	80	52	62
100	104	124	116	18	38
89	89	110	39	105	16
86	108	117	51	36	47
93	84	35	101	39	22
97	120	106	10	85	89
10	105	20	112	61	47
104	70	116	74	62	116
51	95	93	51	102	100
80	14	114	74	12	103
81	68	91	27	64	70
82	120	124	114	64	20
23	111	78	85	40	16
58	93	48	114	113	46
21	15	88	114	11	36
37	115	37	66	54	53
69	119	58	48	35	105
42	111	14	70	100	48
14	87	91	47	98	114
121	63	35	57	79	24
53	15	41	46	87	117
54	72	74	112	55	81
95	67	69	120	100	38
105	77	63	90	61	96
11	91	105	12	113	66
116	29	87	19	120	116
120	48	57	98	43	21
83	50	84	119	19	109
49	103	21	111	45	42
89	35	107	37	33	106
100	16	113	88	59	42
99	64	33	70	64	31
43	72	64	117	55	27
81	125	58	63	101	88
19	25	31	27	123	73
103	13	82	81	39	11
89	91	69	83	67	31
116	42	55	77	87	74
114	64	71	64	56	119
98	40	120	25	26	50
12	19	19	62	68	97
35	25	14	109	51	101
90	62	35	28	109	18
82	34	83	123	76	55
13	12	99	101	120	34
51	122	25	111	43	67
25	32	50	92	76	56
86	80	66	123	101	91
108	124	67	67	111	51
118	30	63	62	120	15
53	43	52	10	77	21
92	44	28	31	88	50
28	77	29	62	17	36
20	101	81	76	13	35
40	65	75	44	120	36
45	17	43	19	47	20
87	65	32	16	42	26
37	59	43	104	107	59
14	79	40	66	116	74
18	37	54	59	22	21
111	14	53	79	64	12
84	110	105	40	20	12
110	122	117	116	21	115
124	39	88	87	84	54
29	75	14	98	30	33
74	62	111	80	29	115
91	76	120	29	53	35
33	83	31	81	57	40
57	53	39	61	109	85
36	74	20	33	11	116
32	35	28	107	72	48
22	19	61	124	35	12
65	92	76	123	58	107
49	100	60	125	23	32
88	88	108	122	109	40
23	43	27	17	99	55
24	63	49	47	54	94
84	110	120	121	88	47
96	23	35	96	79	19
103	55	32	62	105	111
19	119	52	88	66	82
74	123	106	58	100	117
74	59	112	11	42	12
100	23	12	34	89	27
58	86	102	120	37	100
31	91	45	54	35	10
123	53	42	67	77	84
51	92	96	32	84	124
27	11	118	116	78	110
104	83	68	107	64	48
119	17	80	86	12	80
19	122	73	59	18	89
67	110	83	55	113	95
34	44	112	58	87	122
89	63	13	57	61	68
93	80	103	39	42	124
93	112	65	29	72	51
14	63	34	78	104	109
46	76	68	71	72	117
92	123	15	59	117	120
67	83	87	27	111	89
119	92	54	69	46	53
86	60	110	91	66	70
16	26	33	33	77	84
56	74	22	70	33	11
99	40	73	99	34	52
123	40	115	98	40	63
106	66	32	61	24	77
89	31	55	16	62	11
70	81	61	104	85	115
93	36	103	117	115	79
76	54	42	45	123	41
83	101	39	75	83	113
111	119	80	64	109	54
103	10	84	12	69	108
90	17	21	53	82	43
102	22	55	120	26	121
15	112	36	117	40	32
110	40	32	116	14	63
25	50	32	108	76	108
99	35	22	58	95	57
50	64	68	68	20	87
94	35	73	48	66	23
95	106	96	55	32	91
17	25	33	16	61	56
56	74	115	92	16	55
121	40	109	105	18	95
38	52	80	104	73	63
58	22	61	36	123	38
13	17	69	56	100	13
81	37	79	27	41	16
30	57	39	94	39	42
102	56	98	55	102	80
41	18	80	40	124	124
115	121	71	82	63	111
26	71	71	89	84	68
75	110	109	95	57	80
87	13	124	32	101	28
40	49	81	53	118	59
85	61	98	123	68	58
49	42	79	106	91	24
123	41	111	114	94	85
43	51	40	101	20	122
34	100	106	87	11	49
84	96	124	29	74	117
99	99	112	50	76	29
104	60	55	50	45	78
16	24	110	60	69	55
96	82	32	84	20	24
45	63	117	29	49	40
85	43	100	65	92	53
20	15	23	40	60	53
51	73	67	116	102	42
121	43	68	63	54	122
60	80	21	102	18	90
64	89	114	36	32	76
30	98	47	54	62	119
98	82	64	72	46	24
69	91	35	34	51	57
62	62	74	52	80	50
47	30	99	51	32	46
72	35	120	93	30	28
17	115	16	35	39	64
90	30	103	97	118	65
28	20	27	38	86	78
109	87	88	73	39	117
11	125	57	92	53	89
120	76	97	105	117	90
76	123	54	22	18	43
10	15	15	41	18	35
118	113	32	13	57	12
115	86	57	62	108	13
104	101	58	36	19	13
70	47	103	85	19	17
69	22	100	32	123	123
57	67	20	93	113	31
124	17	80	28	63	119
101	66	59	82	117	112
114	102	39	48	20	110
93	107	36	77	86	56
25	117	15	107	13	75
98	86	38	72	99	62
38	21	74	31	39	109
83	49	22	33	68	87
40	105	50	46	50	118
54	75	43	43	59	76
42	93	67	42	65	78
123	40	96	54	87	16
25	61	57	60	17	33
62	114	56	73	79	111
124	56	29	52	101	108
71	10	110	73	118	63
15	48	90	96	95	56
33	33	119	21	87	88