662
649
464
963
412
128
859
616
272
154
463
381
993
576
993
489
928
123
814
963
111
565
107
483
842
322
12
13
908
574
385
774
980
495
253
785
798
842
634
448
632
529
728
688
272
140
453
557
644
102
580
700
923
687
320
505
782
704
449
379
321
211
451
441
606
173
120
429
331
928
736
964
963
976
778
863
566
927
109
905
502
379
859
271
285
369
856
345
876
61
636
140
178
506
67
475
349
444
228
325
583
891
847
65
719
982
6
546
410
249
47
517
114
843
333
208
589
381
612
557
149
487
381
623
896
402
504
53
879
953
841
450
990
468
898
332
487
412
563
180
41
818
424
45
687
578
190
535
596
835
513
128
116
769
742
168
745
455
521
617
393
173
109
651
337
380
377
986
635
564
889
2
852
718
640
707
476
723
612
26
798
885
25
402
814
828
356
791
924
99
222
880
263
296
807
602
641
802
298
448
671
351
881
202
270
800
656
395
860
343
591
866
70
862
211
122
590
86
296
847
859
603
997
953
862
541
288
251
569
330
564
530
272
76
500
622
27
648
761
478
659
941
968
916
10
744
336
21
751
994
30
706
193
629
771
783
729
390
322
579
154
481
234
584
66
369
951
287
363
256
155
316
47
188
119
107
115
700
265
898
87
533
442
651
978
588
537
885
500
642
47
811
946
445
162
926
344
987
689
329
585
566
587
345
148
28
865
299
23
299
570
66
218
547
181
207
890
625
972
238
97
177
547
251
846
429
2
846
327
616
346
463
452
62
139
823
584
425
497
773
258
713
92
37
440
310
417
980
120
94
939
671
525
127
281
950
828
336
49
601
165
929
997
493
136
930
243
255
812
874
698
451
625
427
986
189
117
591
199
645
213
951
832
456
580
137
939
58
112
783
694
193
614
775
911
99
329
14
154
868
83
644
427
676
939
111
466
80
545
386
861
575
225
244
380
17
982
856
492
273
823
494
369
177
117
899
661
15
969
478
814
389
553
791
20
506
13
237
889
753
620
608
630
16
250
317
415
69
255
145
539
295
181
64
261
568
505
502
183
917
914
547
718
119
119
152
612
997
997
379
201
266
310
481
4
936
242
79
917
133
535
970
37
386
95
730
341
301
340
565
903
148
257
500
378
31
757
898
568
865